1.670282724445308897e+00
7.813828860887657157e-01
1.745590249579796804e+00
7.435668315156026553e-01
2.267029372969569412e+00
1.733892565990797996e+00
2.739873902343142209e+00
4.693339746253319955e-01
2.797917168651739672e+00
2.891335433219215378e-01
5.347920915448136636e-01
2.887526107484782667e+00
2.418180253655234146e+00
2.598254270615333539e+00
1.043432426785547040e+00
1.539186893568478265e-02
2.464227434938836225e+00
2.305081044151024106e+00
2.687825749974515954e+00
1.039727498500249592e+00
1.773950520240344941e+00
1.488845735457432484e+00
2.846567541490967024e+00
1.124365070323382287e+00
2.105065896436190798e+00
2.579033256166692878e-01
7.973799601967459516e-01
5.109939889971718552e-01
4.185939065671572257e-01
2.345344582599940608e+00
1.602708038435525228e-01
7.408337933697625166e-01
9.669017724193573748e-01
7.070554166580701461e-01
3.917477649941687456e-01
1.054218322562805010e+00
2.315819733910689848e+00
2.583418582666399121e+00
2.473431211538974051e+00
1.275087559625959877e+00
7.692625900552685358e-01
2.116816045505012234e+00
3.199944714317208838e-01
5.246042831880514123e-01
1.782704417289900256e+00
7.144136122039342895e-01
1.060836745839796036e-01
2.167336219850804824e+00
2.949406955620839987e+00
1.257218275987925793e+00
2.192125039382457619e+00
7.597894645440073091e-02
1.282111340319258330e+00
8.078905392042368128e-03
9.693015051607811738e-02
8.051935492206522271e-01
1.738845972191834344e+00
9.869569895116619973e-01
2.365255001268940838e+00
1.934645581099801781e+00
1.624729419158735144e+00
5.434355789439238027e-01
2.521013437386042888e+00
2.185192660685382648e+00
2.075328868083395228e+00
2.403102001470141857e+00
1.850935157289771649e+00
1.326668591113850493e+00
2.335175567164706312e+00
1.994740718025698634e+00
2.080527377668094591e+00
9.975480379291212785e-01
2.546830702488612541e+00
1.830728249090963988e+00
5.265612715525019860e-01
2.262137189925630398e+00
1.974109986018581786e+00
6.785863231019514386e-01
1.642564348363863225e+00
2.774110432460700215e-01
1.319766940969130165e+00
1.623621789624240641e+00
1.243575984831398529e+00
1.035158251013309494e-01
2.219994230395498036e+00
4.018165421458022024e-01
2.322761678412740949e+00
2.037420965302237263e+00
1.939320025130238934e-01
1.671717542865624573e+00
2.789118267553321928e+00
2.046022290339124972e+00
2.191692599925423757e+00
9.754601745245380373e-01
1.375950756322842583e+00
2.872747900557511613e+00
2.995776567835183535e+00
1.386191983911512438e+00
1.315088758789853873e+00
2.921125094556910717e+00
