-7.871526527079120150e-01
6.361211162883231296e-01
1.249596655521125976e+00
2.648119288741471511e+00
2.473938177719757991e+00
2.533248688424120765e+00
-3.058071928671702189e+00
-2.400560025246842866e-01
-1.235605028466621125e+00
1.894008274732061681e+00
-8.460833516034772517e-01
-4.189475874700681474e-02
2.651721332336398174e+00
-5.307842082694904651e-01
-3.137456056083415934e+00
-2.812630913171173752e+00
-2.817134746871191808e+00
2.049274025860686521e+00
-2.607431487669976122e-01
3.524182562273674990e-01
2.351889918416133263e+00
2.361076913776382735e+00
-2.848368897936364164e+00
1.362307130464273319e+00
1.511958124363264488e+00
-5.436796120723164788e-02
9.060562364857813744e-01
1.572251505370813485e+00
2.015078691769148556e+00
2.861742450155546180e+00
1.194530123752057360e+00
1.303636250278212616e+00
1.599729960863252476e+00
1.441824163924409208e-01
2.626749189554511976e-01
-3.093809981021688138e+00
1.219218043818145691e+00
-1.800838419139417113e+00
2.626316798110633899e-01
-2.835529419928359385e+00
-7.755351907534374645e-01
2.841444010455774549e+00
-1.004770386825640655e-01
1.009605376213695171e+00
1.390802001501783680e+00
-2.258805829600832205e+00
-2.534444373860551103e+00
-2.310933340015844717e+00
2.106247208916810276e+00
-2.548688061946215111e+00
2.350967589808343750e+00
1.955178711027557581e+00
3.836135145907973998e-01
1.828927084999442121e+00
1.361263393390729215e+00
3.063501303278587162e+00
-1.539248417929928725e-01
1.947539287502899619e+00
-1.004339732884078407e+00
2.747768356722190219e+00
-2.787442620077342337e+00
-2.020078100577500368e+00
1.330929110436130269e+00
2.363378944701027162e+00
-1.113738115452449273e+00
3.065359787703102246e+00
-1.857067052306627053e+00
-1.424879663076741299e+00
-6.919650385156249639e-01
2.142837497864802820e+00
2.657394558877924418e+00
6.027973238805308664e-01
-1.453225009039625704e+00
-1.200317037990036306e+00
1.852265009043118082e+00
2.597298452094559007e+00
7.335481165613804144e-01
-2.024195562911861312e+00
-1.427653760878100808e+00
2.697142772501934238e-01
-1.181102913733854232e+00
-2.780189047590083673e-01
1.063065122409217356e+00
-2.771693115590838641e+00
6.378897216877895682e-01
8.592032741291737441e-01
4.709305326776319633e-01
3.700982812826498769e-01
-1.575368064816283775e-01
-1.647764934465687947e+00
-6.137685175542304528e-01
3.107816678483454886e+00
2.630680739295981230e+00
1.238236580980306645e+00
-3.073857268997719938e+00
4.258073078526180000e-01
-2.466821323658992426e+00
2.138892465666055731e+00
1.576291213587052153e+00
-1.878951655809860899e+00
-2.230716436609220477e+00
1.138941522295949138e+00
-2.737485815608485806e-01
-2.232322050609155450e+00
9.641379148922830655e-01
-8.469076292082650115e-01
-2.471760990843181460e+00
1.058371990319324718e+00
-2.294945851128956438e+00
-2.771804788401097674e+00
7.962098739904454048e-01
-7.244938590349871976e-01
1.708981235274181776e+00
2.300824891682523354e+00
-1.743121444558202615e+00
-2.572431542947688055e+00
-1.422361708988083340e+00
2.837063020991597906e+00
2.443031093906561591e+00
-2.848530470393760616e+00
-8.079298928665442636e-01
-2.262832115425891466e+00
2.068265888523591833e+00
1.063411487326184401e+00
1.762828224296183688e+00
-2.193773729154192331e+00
-2.889415007349262599e+00
-1.267099524173230518e-01
-2.356385885399170377e+00
9.072381960743054474e-01
-4.164527739381397309e-01
2.217766062242908787e-01
-1.080388193929375795e+00
1.043133513688675684e+00
2.879081456600866673e+00
-1.403577530318772970e+00
2.582983189374578714e+00
-7.589854779684445107e-01
1.842618414295881246e+00
1.342202368427876547e+00
1.383378466078886593e+00
2.033485528270632337e+00
-2.125989734290678612e+00
1.791656358701928742e+00
1.389747407974150972e+00
3.116196336070168105e+00
-2.039264714532297074e+00
-1.249669580804948943e+00
-2.734291141300297046e+00
-9.872350993101952632e-01
-2.953528841501547486e+00
-1.947246339330538367e+00
2.026881148050788006e+00
-2.573305276748711012e+00
-2.547484727045264297e+00
1.734256624138994785e-01
8.003133267591591160e-01
-6.814946185539588752e-01
2.496375451834043080e+00
2.362290684081579606e+00
1.335956727797112054e+00
-2.535676045644885690e+00
-1.877317082001200621e+00
-1.772821068217568241e+00
2.319590274375703753e+00
1.266875246048254855e+00
-1.229191629279718923e+00
1.631210138795096354e+00
2.883365940592549137e+00
-3.049526352414980046e+00
3.106527790482483287e+00
2.225905655003782790e+00
2.832961368095511245e-01
1.423037103966427741e-01
-2.676317034370263137e+00
-2.772174161505704504e+00
1.369449827195533612e-02
2.101240689601847844e+00
1.316015938092054194e+00
2.068265690156558256e-01
-1.589544115808071645e+00
3.247609235559618945e-02
3.077455265880967961e+00
2.299216736118827153e+00
-1.925170392853852164e+00
6.587361320536293530e-01
-5.851165019461793126e-02
1.168581183310667404e+00
-1.795361293439349470e+00
-2.720034713320011566e+00
1.059376181585381049e+00
2.782091682697793278e+00
-2.199907436344409106e+00
2.433512590405117582e+00
4.072720259773428553e-01
7.205227334657439142e-01
2.988355027232372674e+00
-1.263553238765208864e+00
-1.131630200322763846e+00
1.413315996606253178e+00
-1.965883283720752495e+00
6.647770110253234943e-01
-2.680763337264535195e+00
-2.842817010918324616e+00
-2.781296055339351092e+00
-1.309382612035883575e+00
-2.067791406669613252e+00
-1.929683101400542888e+00
-2.270927712883853644e+00
-7.054797199445107525e-01
5.103933101866274802e-01
-3.093971132339418117e-01
2.950768767171105367e+00
2.250073660041953527e+00
-3.098612381637032342e+00
1.473792662209094939e-01
1.424668224364306290e+00
2.959423826403494440e-01
-3.104157769957142321e+00
-3.270082634947085731e-02
-7.729873225011304472e-01
2.191613331531176989e+00
-1.570445137144967473e+00
6.024109916416203747e-01
1.654442629574501611e+00
-1.313435679325336336e+00
-1.189869759507070412e+00
-1.245626644634006075e+00
-2.100557196713178865e+00
-1.947806540108941165e-01
-2.340875414790796860e+00
-3.890580296275729100e-01
-1.358309266210760702e-01
-2.713089625658928195e-01
2.660705246779805133e+00
1.762346779694855314e+00
-2.374667886045125798e+00
-5.720036236813537123e-01
7.332992536703211162e-01
2.214936220782185661e+00
2.814960562715070669e+00
-7.801557677376009803e-01
-2.032375402167963863e+00
-1.878353662782591416e+00
-1.812472054279995692e+00
1.640127622122843576e+00
2.233842238823447346e+00
2.066443366013441363e+00
-2.678764395030237111e+00
2.997657140821686550e+00
3.030082233802793734e+00
1.649280908058448070e+00
-1.794683478614669120e-02
2.299129542914787105e+00
-2.704329483397184930e+00
-2.498407840284595949e+00
1.732775105316709086e+00
2.351571986043578644e+00
7.727959649881289694e-01
-2.700916390060264405e+00
-1.035119559316893367e+00
-1.782661633334071682e+00
8.468576788449808657e-01
-1.981771164832171417e+00
1.009967844092535261e+00
-2.347369101771481059e+00
1.278100498453015765e+00
-1.796585609030615815e+00
-2.492486030491884552e+00
2.013222205037477952e+00
-1.630628803916468472e+00
2.258088157403611351e+00
-2.775692159254028457e+00
-2.812913542917339971e+00
-1.757257780317413864e-01
-2.015738981655583739e+00
-2.266693095017372261e+00
1.237073944771996947e+00
-1.295646906098259388e+00
-6.308762731997709095e-01
9.654893534387669618e-01
-1.766994154685789464e+00
-2.679587446710959941e+00
3.938702476241220385e-01
2.921457849476485791e+00
2.327627900135226802e-01
1.652293655648051918e-01
-2.367788425720835921e+00
-2.159982679432509656e+00
-8.114644164960480577e-01
5.461899593610722858e-01
2.222419814884765366e+00
-1.787575420343493482e-01
-8.376439036831651030e-01
6.620679995963610898e-01
1.831736360703303923e+00
1.331529247822095696e+00
2.652208408832501529e+00
-2.086631472046675650e+00
-1.245540559249832091e+00
-2.102938621870173996e+00
2.956947248702731734e+00
1.906375185005468875e+00
1.009133759621246407e+00
2.016869894943215336e+00
-3.405600062134788719e-01
2.282833796234682744e+00
-1.651073907200484081e+00
2.351200669090612649e+00
-2.613389710176515557e+00
-2.227213129969567884e+00
-2.052236231978904701e+00
1.869609090168516952e+00
-1.632093499811577919e+00
-2.910278253313260066e+00
1.574950003608420745e+00
-1.256737421199182414e+00
-2.906268187806142489e-01
-1.628363853757312407e+00
-1.473712947111445848e+00
-8.011537527456804586e-01
-6.606346570634279436e-01
-2.279804219960715805e+00
1.438238654769725233e+00
-1.110715704808398874e+00
1.269352234512171496e+00
-1.590490959220401068e+00
2.762801317534574697e+00
3.255701049613034526e-01
8.754547610401163249e-01
-9.602734703032292929e-01
4.119342842870897803e-01
1.278465709795264305e+00
-1.145975981148925626e+00
-2.057333630082895937e+00
-2.071139634029411647e-01
-2.640137209237429783e+00
1.404331906618622616e+00
2.883466382230553959e-01
1.497730293514565103e+00
1.052429001041917500e+00
2.821211864122564972e+00
-1.766951472333859074e+00
2.525912948642897504e+00
1.800827946901317311e+00
2.134217707882884341e+00
6.664645325861420222e-01
-1.051225765740043228e+00
4.889036125637701846e-01
-2.508484329934844492e+00
-9.958148507556910944e-01
2.709540179362626144e+00
1.001279733184230025e+00
-2.054301469797274571e+00
-7.937448254516897839e-01
8.333842833944887785e-02
-4.709728334181177423e-01
2.472924797077550085e+00
6.526953565158566395e-02
-1.490102964566348165e+00
3.088758780890024536e+00
2.117780868446282216e+00
-5.566659019657799190e-01
2.669749632444910148e+00
-1.043319552093751490e+00
-2.927143361902230012e+00
-3.074206526845397303e+00
-9.038886411454449821e-01
-7.535160425518813154e-01
-2.009424107921465197e+00
2.830027848305088245e+00
1.148597608052461139e+00
-1.775321560505345175e+00
-1.637785157372988021e+00
-1.571599994785623400e+00
8.848984525160222825e-01
1.937289660922661083e+00
2.623628842406768413e+00
1.660814788356574923e+00
1.333581382403586257e+00
-1.226627201429559166e+00
-1.063172690969267808e+00
-1.797067788336470739e+00
-1.841388670185740262e+00
2.323120968927230301e+00
1.152932739222720215e+00
-6.710157440060121603e-01
2.077920838289565031e-01
6.755554600995044012e-01
8.207491009421857830e-02
8.282428620342279224e-01
-7.667477889954010806e-01
2.908708753392585056e+00
6.634148013777065866e-01
-4.837492995487921443e-01
1.258528177882787258e+00
-2.119304121734429280e+00
1.231882243977319380e+00
1.687256524933476554e+00
1.139989314617370297e+00
-9.841438613803594748e-01
-1.326999820627707605e+00
-1.682727385627786010e+00
-1.824405965846362943e-01
1.237665536830251378e+00
-1.836287288866228273e+00
-2.028069143318082454e-02
-1.906459659983341659e+00
2.112172054395887066e+00
2.082165969209124778e+00
7.926317123947904664e-01
-2.981007451985528967e+00
3.882906939819304182e-02
-1.770900435699196862e+00
2.196842481968723337e+00
2.128935379302264952e+00
-2.156685959339860847e+00
1.580622181489324429e+00
-4.674950751828451101e-01
4.385321962465481560e-01
-2.021319610890058627e+00
-1.177194239430676914e+00
-3.031632943948025183e+00
2.022659605676369488e+00
-1.690149909768154934e+00
-1.350337640698020980e+00
1.458152202411955090e+00
8.316833988264220601e-01
1.244755041146597740e+00
1.053919197001481844e+00
2.596739991930254288e+00
-2.264561107714746946e+00
-3.761424714690241033e-02
-1.532896029078105071e+00
-2.997138076246405713e+00
2.692703502572263652e+00
-2.843103245274983593e+00
-6.633958572044165170e-01
-4.267795345807162688e-02
-1.134920871381745133e+00
1.169070169424635042e+00
2.124853178959487554e+00
1.457174913037039277e+00
8.411673160729997711e-01
-1.275867112699249573e+00
3.309112313321979637e-01
1.621732588661594310e+00
-2.798678230775788922e+00
4.080206321015403259e-01
-2.616028181725612800e+00
2.829739824708144447e+00
-9.372540119960882654e-01
-3.086384492435893190e+00
-1.093772615025786710e+00
2.575640553213403461e+00
2.993484082018742498e+00
-5.169398322383979977e-02
-1.666880645192456850e-02
-1.809273894669038762e+00
1.241022207160603630e+00
2.017133395038210431e+00
2.676407503559163015e+00
-1.228539754279698304e+00
-2.267646283916890493e+00
4.589894817650694292e-01
6.564335512796970473e-01
2.631829291390820114e+00
2.979005434041379075e-01
-2.982715589388357458e+00
2.830998117534234138e-01
3.191974397710053979e-01
-5.657006383548135453e-01
-2.490913318755811456e+00
-5.938463704523935238e-01
6.870834509505941989e-01
5.235255427393780137e-01
-1.953136095074924361e-01
7.431944862489443526e-01
-2.789512798749598677e+00
-1.299960078371512340e-01
1.141126392578629911e+00
-2.254190659782163930e+00
2.056622062195570866e+00
-1.992926966481317175e+00
2.288160429371897564e+00
-2.479072679339697327e+00
2.692564665510724708e+00
1.448704759956802146e+00
2.024164682226605283e+00
-3.058477972177224835e+00
-2.861908890009373874e+00
-1.771323926995953979e+00
-1.929965815191279077e+00
5.515902438502178207e-01
-1.530926878220524534e+00
-2.683155752616128709e+00
1.423171527497802513e+00
2.840607902293390996e+00
-4.216130693879676095e-01
2.252411077156175168e+00
-1.788582955076708281e+00
1.226523983716260924e+00
-3.010433996744158236e+00
2.643576003894042015e-01
-8.019648703422864733e-01
-9.668971221585478393e-01
1.781115391514958568e-01
-4.218940608358696109e-01
-5.852436601943319244e-02
-5.068430575035557384e-01
2.197293645810130869e+00
8.110891920188658677e-01
1.708591648535297547e-01
-3.766221047595927907e-01
-2.072073589480159406e+00
2.109032581850962984e+00
2.236743618357763808e+00
-6.513374220533740822e-01
3.137238958426499913e+00
2.490441261626201164e-01
1.627119757502802688e+00
7.074460188578395314e-01
-6.945712638246037685e-01
1.753544713691387869e-01
-1.021662929104864448e+00
1.837243284262173759e+00
1.465179798305318304e+00
-2.753110930455314520e+00
4.369357663592260410e-01
1.233256397065848997e+00
-2.615815704663631447e+00
-2.252596019059140087e+00
-1.845691832096865159e+00
-5.175486136593274722e-01
-2.336685399787436168e+00
-5.493908226220380886e-01
-3.016039757363988549e+00
1.010382303694976169e+00
1.176053501085054798e-01
2.267624376467663350e+00
-1.957116742997095482e+00
-1.306694078280436488e-01
2.618253337231335465e+00
2.836640518633193331e+00
-4.796899411842538985e-01
-2.273020726103565092e+00
-1.686356346637315262e+00
5.900764286271564796e-01
-1.836530930453865063e+00
-3.102950478635476017e+00
-1.947007552126999830e+00
1.493473242248279931e+00
-2.174865768433430713e+00
-2.834481079405593906e+00
-2.119985091814920730e-01
-1.502897098380827634e+00
2.344226558486986356e+00
-1.310321584485769186e+00
5.994414804414279763e-01
-2.490396984821604320e+00
-9.662983678404885035e-01
2.160074237366567562e+00
1.174939247889140503e+00
1.774094806365125399e+00
-8.695399094013379626e-01
-2.906673923478670485e+00
3.753568890955592541e-01
-4.427239842986429030e-01
2.641541114591489325e+00
-2.507318885943607079e+00
-1.428321624843537779e-02
2.117162252235929909e+00
-5.273797103146462550e-01
-2.061745753908982515e+00
1.502044975374996483e+00
1.140323490016496910e+00
3.085151143746927005e-01
-1.482296742621895369e+00
2.567068433646773062e+00
-2.903544367536945003e+00
2.196550345885214472e+00
1.686534286997297905e+00
-2.829950143622237402e+00
1.776205171710935060e+00
2.493331292026629953e+00
-8.825363982067125912e-01
-5.415446221444195629e-01
1.045960383138919036e+00
3.050571979749634455e+00
1.938160970070648581e+00
1.392753619841465174e+00
-3.079666594162544513e+00
-2.993929006341995880e+00
-2.498102979776746668e+00
2.868584423717540410e+00
-2.059354219692287380e+00
-2.539982437068912358e+00
-2.777832714746170328e+00
-1.211954011415517618e+00
-1.687299183874430453e+00
-1.342081855338238094e+00
-1.427330407489645347e+00
-1.103616001002773128e+00
2.387765445569315637e-01
3.928065626392183152e-01
-3.118854316536571414e+00
1.389224763337235435e+00
-1.510918424011435723e+00
1.611828586320902978e+00
-2.980988733401279678e+00
-2.275175798232515589e+00
-3.118359833157307470e+00
3.083416787000934356e-01
-2.912114307886812359e+00
1.168546457511542069e+00
-8.753023988016081502e-02
-2.047850521157502879e+00
-1.857661139102082970e+00
1.618136717708219985e+00
-3.077913304738763234e+00
2.189527412309637544e+00
9.168255441914037185e-01
-1.015601804415070086e+00
1.251509333466929386e+00
1.689307865823906685e+00
-1.287298415173983246e+00
2.295477153129894532e+00
1.946760700619485807e+00
2.383581380382462644e-01
1.145616333545385501e+00
6.243980671688649231e-01
2.575691769897471950e+00
7.552459596322367297e-01
1.599479993695933411e+00
1.549880448296347524e+00
-3.074759622145086801e+00
-2.923287058817223727e+00
-8.648560758167508355e-01
3.026905049470921316e+00
-2.923708230205328995e+00
-2.234940006395072398e+00
-2.957856640992002184e+00
6.933634295193550345e-01
-6.121386796364034488e-01
-1.504831153432995672e+00
2.787613267369790204e+00
6.998513295005411861e-01
-2.782363413674353136e+00
-2.341032167938464248e+00
1.313987278344904419e-01
-1.623109382735358763e-01
-2.839434889901711667e+00
8.442542530555769975e-01
-2.589200004184036619e+00
-1.426833552707271302e+00
-1.158835018577800025e+00
-1.185508974724108766e+00
-2.567268649655087831e+00
3.379882382000970464e-01
5.804875976317876995e-01
2.778783104277495752e+00
-2.603469627959519972e+00
-3.049472641780894833e+00
2.755344004569141858e-01
1.684639749578544232e-01
-2.297586424855952103e+00
9.531894998105241434e-01
-9.955554362569575266e-01
9.527995322286977320e-01
2.753164190221153440e+00
9.632107166981900281e-01
-2.630310116144655375e+00
1.643015366709317915e+00
1.874633967353675823e+00
9.716668267963473049e-01
3.054949442777669111e-01
1.947059299936796384e+00
-3.018850141665631259e+00
-2.933355024114019827e+00
2.105300144612944457e+00
-2.812618904680679321e+00
-1.520241174330975609e+00
-1.475447849893178454e+00
-1.485522001820492877e+00
-2.199077458187237433e+00
-1.334899725956964600e+00
2.594947146452048603e+00
2.954312449447417332e+00
2.988510141040957357e+00
1.349578151172943441e+00
-3.098474586291406041e+00
-7.925784694178619749e-02
1.778531671999511232e+00
-2.456454982999086489e+00
6.538828421531094337e-01
2.555211983414368504e+00
-2.328736201949103413e-01
2.009056599146204825e+00
1.225384841494123363e-02
-1.748724749743547191e+00
1.140027154400700571e+00
-5.962742521097753601e-01
-2.195181383659904562e+00
-1.046849107612542351e+00
-1.364290348229670435e+00
1.529956883030465509e-01
-7.707891436596903123e-01
-8.471059741054082215e-01
-1.441509097056863142e+00
-1.518469798872222443e+00
-5.928973924107086013e-01
1.124185311431638246e+00
9.627232812318583521e-01
1.577623545108283620e+00
-1.365520574374480933e+00
2.828230477877331506e+00
1.573486917319180112e-01
-2.560885894757864101e+00
-1.841759681363629886e+00
6.995727495138833740e-01
6.131690157709490836e-03
-2.940614505828858860e+00
-1.934623874924385478e-01
-2.586085212623940310e-01
-7.308693121117220137e-01
1.819391096424534782e+00
1.280718113491583710e+00
1.718830985250084264e+00
2.050627043113120163e+00
-3.037620338068178771e+00
1.470148781402469851e+00
1.245999829849437468e+00
4.219156940356638685e-01
8.192117207259712597e-01
-4.976095300225890639e-01
3.491451672554782837e-01
-2.474496099778351166e+00
-2.313930294702398083e+00
2.037471909910361756e+00
7.376400605120644327e-01
-2.709071578420788384e+00
1.476989056841855996e+00
7.486677850166707504e-01
4.454666686510464491e-01
-1.182306634855260441e+00
-1.492265377486748479e+00
2.635021732512146997e+00
-1.660150089107196303e+00
-1.982384322004715926e+00
-2.641212391677497440e+00
8.432417936466618524e-01
-4.317194402208050508e-01
4.953220365851199181e-01
-6.588518426101216408e-01
-1.701989047618360340e+00
-1.252352840518573096e+00
9.662966458789976065e-02
2.412222618593348855e+00
-1.127826392085184537e+00
2.688089309674726035e+00
-2.844303731374866917e+00
-2.860782708641767869e+00
-9.940638817794728022e-01
1.832070321870875040e-01
-2.537012163103790741e+00
-1.286245494822148450e+00
-4.955048910599594292e-01
2.543770217500298525e+00
2.032698306680714939e+00
-1.172704739276552860e-01
-9.295606840682030594e-03
-2.816491801053553345e+00
1.656150140300523432e+00
-9.701141044475521946e-01
4.664259334495297893e-02
-2.699695031108074517e+00
8.510738699296274135e-01
1.663487587741620810e-01
-5.282452191155070365e-01
2.909361629026300022e+00
-2.786515690307636461e+00
2.163814812307602031e-01
1.670174749356341248e+00
2.970388001157430846e+00
2.518841237798623123e+00
-2.263832103196117274e+00
-1.416955715337642641e+00
5.726856974279085355e-01
-5.884971733138828487e-01
-2.092039729320432695e+00
2.851013276787037753e-01
3.005399529122599889e-01
3.061029767449264583e+00
-1.041010823275455577e+00
-9.245881155616491043e-01
1.163292568994302334e+00
-8.507887696007532252e-01
-1.745087790472749978e+00
1.694875021618424960e-02
-4.112319182366491743e-01
2.057783751863605293e+00
1.632326422433162838e+00
-2.946650941095324772e+00
5.559400483126447634e-01
-1.432867255399528972e+00
-2.439077962194650340e+00
-1.011917205827495225e+00
1.519253923677717166e+00
8.580586159992975581e-01
2.851370169055555515e+00
-5.116535817678208309e-01
5.239341912652147881e-01
-6.016441896402079381e-01
4.915882306407557412e-01
-2.155876222465386238e+00
-2.198926442065630926e+00
-1.226771326958127073e+00
6.049263410695809862e-02
-1.044380569228574807e+00
1.891409258436410168e+00
-2.553972993377283451e+00
5.243267545124726814e-01
9.900963963153192049e-01
1.027794753366545244e+00
-1.993713198196060743e+00
4.254378274000271687e-01
-1.190424579316704978e+00
-2.270540682996101012e+00
-9.889979347143046384e-01
-5.669550008697860077e-01
-2.634668248098123389e+00
2.288901236236025871e-01
-1.571402653230487001e+00
3.030821370960085748e+00
-2.948956580981934916e+00
-1.639082309414501282e+00
-4.832881355578824145e-01
-1.078519432717465643e+00
9.418340032685711405e-01
1.216349251282588639e+00
-1.445709349391916421e+00
-2.490099402681076768e+00
-2.114983277080484836e+00
1.480960556382044935e+00
3.972593142752030987e-02
-4.504338145546226552e-02
-8.544639739250111665e-01
-2.284587358190144357e+00
7.278834108247267398e-01
-2.372261489302105453e+00
3.130476920643394667e+00
1.417323093623212626e+00
-2.708854169391920585e+00
4.833173760335608971e-01
3.052659941817560174e+00
-1.953440526308468872e+00
-2.709980843171772569e-01
1.870058433811946808e+00
8.618409870836151176e-01
1.995494846440715175e+00
-8.824881140697756754e-01
6.021645973177654210e-02
-2.439133184178348568e+00
-7.224843810003671596e-01
7.761277285669399006e-01
-2.420831184968104566e+00
2.596319225316282009e-01
2.728616822845335577e+00
-1.110625651261078484e-01
1.856287975031490678e+00
1.630731737292998362e+00
-1.268213194676125699e+00
5.443005320962166632e-02
-1.450616500123867114e+00
-2.919866441129311152e+00
2.505366272179157860e+00
-1.481876239121604766e-01
-5.639718416896456477e-01
1.456112547206396490e+00
-1.939596376947083867e+00
7.526532602445273890e-01
1.235099053847904749e+00
9.831118595602370558e-01
-7.770069048081958973e-01
2.064983956487527472e-02
-8.262082599501477942e-01
-1.948269074479871632e+00
-1.194164959066754017e+00
-3.337783504813317537e-01
3.754405473449091701e-01
-1.384877013020370473e+00
2.636998925115159764e+00
-1.633056281923811914e+00
-2.922284826163763949e+00
-1.947521353035372549e+00
-2.472960932586353078e+00
2.372555779716059465e+00
-1.243779202219972291e+00
1.278831991101214574e-03
2.618216684720513943e+00
-8.142004930615218683e-01
1.509432087400606415e+00
-6.726125530836056798e-01
1.593720012361625527e+00
1.579849809002053407e+00
-1.153645436678655933e+00
-1.485081300277542926e+00
2.782681246900940764e+00
8.510506609861042682e-01
-2.230038502091955088e+00
2.998044358083298833e-01
-2.756474605423057778e+00
3.103533705415776556e+00
2.903854826114414145e+00
3.863758495053433717e-01
-2.507090645784567862e+00
-1.495230843851996783e+00
-7.397203048380453227e-02
2.729977781312453278e+00
-1.284941742366330297e+00
-1.788865710642223439e+00
2.754875193083414220e-01
-2.745084963297490077e+00
-2.678226468820646744e+00
-2.900370602464301673e-01
1.207367637615001987e+00
-1.865330957913737597e+00
-5.490814608579557277e-01
-2.330152526896562826e+00
2.421801776331935940e+00
2.305819057572305208e+00
1.671706420594843090e+00
9.318422000706069186e-01
-2.716390436973763478e+00
-2.436359627378902548e+00
-2.880883254369279722e+00
2.873432311545611295e+00
3.742938591003942550e-01
2.846161773497390968e+00
-1.441180414595404136e+00
-1.563274100403032385e+00
-2.758509026170834044e+00
-1.365878662204270677e+00
1.087973999841223227e+00
1.585842283010381104e+00
2.973693849697151670e+00
2.225199620047171312e+00
6.958443361654803594e-02
-1.362144777347962910e+00
-2.417132980177601365e+00
-1.324199353471464002e+00
-8.787533476336992777e-01
-3.028036761513846375e+00
1.297134130444966615e+00
2.526419493683283335e+00
-1.496233447237210301e+00
2.232541930458499024e+00
1.618753862247502395e+00
-2.028882526632731054e+00
-4.389957526986874026e-01
1.534833577689252770e+00
-2.153510580167159738e-01
-4.203469279465734121e-01
7.551384696388901974e-01
-7.784474891945379893e-01
-6.888402630553952521e-01
2.951484074685140513e+00
-1.513465970845425224e+00
-6.850171028359457459e-01
2.467795633734633509e-01
7.844279025501610381e-01
2.599331794130020690e+00
1.961017205999864066e+00
-2.235458029628570209e+00
-3.059484729324287500e+00
-1.318148475829903354e+00
1.897821778803084225e+00
-2.592295396850398781e+00
7.769614447949648728e-01
-1.361928068642763279e+00
1.663330583092605064e+00
5.488883070583845392e-01
1.208725333890977804e+00
2.423818731584763686e+00
-1.841628900564410559e-02
-1.245608220350801432e+00
-3.098953219061646003e+00
-8.188653045836088440e-01
1.410049795442626097e+00
-2.266614526383089245e+00
2.679395582862307723e+00
1.005348243206615200e+00
-2.979852997579979679e+00
2.309311363010537743e+00
6.564313447084582087e-01
3.098689589559271429e+00
1.689567350615121533e-01
-2.498501732819065957e+00
2.160189988264209049e+00
-8.306311933843316675e-01
