2.058778724874831823e-01
2.796934478116240297e-01
1.787924214829235969e-01
3.367029531450199120e-01
1.218623277204532035e-01
1.377624830833805714e-01
2.282075825340222630e-01
1.344605657411741262e-01
2.270158987296899133e-01
3.684420633514467330e-02
2.026102781830299016e-01
2.453039149821861220e-01
1.440899640079040811e-01
2.535252779936397749e-01
1.873306007682841445e-01
2.163904897652724202e-01
4.618468698701357344e-01
3.924636510592499627e-01
7.079105471217331247e-02
4.173928458431800936e-01
2.992537794934715389e-01
2.293667734547183076e-02
1.225036907820057086e-01
2.334820002577538411e-01
1.716357997479504849e-01
2.907660242788254745e-01
3.411401250242799277e-01
1.440358106129756288e-01
1.682014136266642979e-01
1.523409764752169382e-01
4.768794836715051777e-01
1.168770118734787505e-01
6.167704377944754901e-01
2.699266671689787289e-01
3.036273978246397665e-01
3.942584485322975785e-01
3.278967806924664163e-01
4.853544188247655988e-01
2.868275208459641901e-01
1.445534200858397123e-01
1.833073661633450036e-01
2.417723303319460337e-01
2.084648100649534319e-01
1.031632627422048309e-01
2.630991702353071560e-01
1.983305930833500486e-01
2.735183002143577458e-01
1.073720816699371694e-01
5.027562462058862008e-02
3.498325222602342577e-01
1.322855427560837571e-01
3.779343620012461102e-02
2.820806057244643061e-01
3.254110304319217661e-01
3.073855209790006260e-01
7.700051666194966671e-02
1.293858720628147663e-01
2.179738317933181402e-01
4.663079484310383993e-01
2.827845221156842226e-01
2.330866448224887810e-01
2.487903174743181234e-01
1.863450830807782677e-01
7.120392189761730328e-02
2.175566949614073098e-01
2.733402799204385780e-01
1.736709331365287323e-01
1.588260602511134267e-01
4.841543612123574286e-02
1.215798059364855688e-01
2.888868929579794242e-01
2.341074531887715471e-01
2.676813816030624849e-01
2.225054022440226820e-01
2.590581682026412702e-01
4.675118090031735174e-02
1.720824707977763879e-01
2.220228612883574093e-01
1.661225056081082618e-01
4.198004169878194469e-02
9.509125688052351422e-02
1.054494657565841487e-01
3.926221246251299091e-02
1.829158354318281832e-01
1.525563664756770244e-01
2.027359542044164520e-01
4.401046953745436641e-01
1.067342877799314638e-01
7.488778443799193330e-02
8.625025059086413592e-02
1.377135608781809295e-01
1.200348694021750595e-01
1.109610452242940221e-01
2.445762899983322802e-01
1.205090882750977921e-01
1.938207344323367998e-01
2.062302115924881663e-01
1.469478936296484683e-01
2.926455127549734692e-01
3.535103536823809844e-01
1.753059652125200374e-01
3.085425627373288293e-01
3.934058368979817533e-01
4.482940734580067033e-01
4.585579252458639732e-01
5.316743735585306441e-01
5.247006299306329336e-01
2.494949800879956436e-01
2.057447693108417908e-01
3.900581404307248978e-01
1.311650079323541107e-01
3.530251222063747751e-01
1.217544414391339008e-01
2.196050769993208862e-01
1.551269559303840133e-02
2.669104180664014780e-01
2.534211346756737870e-01
3.146928615587383238e-01
1.878473845036331691e-01
2.580199904852176207e-01
2.324701590940229101e-01
5.690438744446840724e-01
1.615629779627026641e-01
4.141598286717931288e-01
2.233846906933631138e-01
2.800355647656374569e-01
2.571422028917257352e-01
3.678600915151458706e-01
9.875390630877317610e-02
1.221190835829151083e-01
3.108638391464804140e-01
1.308759217003866160e-01
2.439766600229887061e-01
2.866365520418078239e-01
1.754422151541896180e-01
4.725192932190121486e-01
9.425191371028174281e-02
2.679933253322830389e-01
1.073072499771796501e-01
3.743130396978262553e-01
2.738184836316597814e-01
1.770860261057646823e-01
1.808609785401789349e-01
1.115671513201085679e-01
3.943076343792747407e-01
2.158625385379852324e-01
2.648578638572159361e-01
5.272645104937311311e-01
3.113045143573663909e-01
1.263626268242775963e-01
2.145785605644675853e-01
1.353769809451327022e-01
1.435075586417640381e-01
1.121791708704139440e-01
3.342423118158480699e-01
1.423432832006078230e-01
4.231320539080937193e-01
1.626572351968823826e-01
1.387304058864249900e-01
2.832028755454722990e-01
3.391689621675190169e-01
2.744545307897215958e-01
1.621612693943693950e-01
3.708154316004050322e-01
9.148056863104048197e-02
8.267747430993699354e-02
1.816607638746671471e-01
1.334366249844461949e-01
5.747976791064229873e-02
3.223421959547292936e-01
1.578868190501344082e-01
1.494561390021389435e-01
2.073682933809338214e-01
2.017495660733313323e-01
2.946735697299007195e-01
3.465570357825291659e-01
3.529284113321878857e-01
2.834010625154799734e-01
3.553771223179888472e-01
3.071572766379301878e-01
3.307193666045131764e-01
3.006657189525893670e-01
2.164512230042291430e-01
1.901325504020817125e-01
3.506156735464784902e-01
1.213427381991256382e-01
4.245318413186228157e-01
4.217913108235538111e-01
6.610660429363712787e-02
1.719850958141011799e-01
3.330492363552213786e-01
9.404512016778342198e-02
2.656534265380939286e-01
2.318689474943918527e-01
3.932882425110024172e-01
3.141337265796474987e-01
1.633987909446927012e-01
2.168857343592761611e-01
2.270436373579873268e-01
2.805738361925432245e-01
1.374756122755157461e-01
1.291755071216227069e-01
3.153524813144956140e-01
1.116506790972715893e-02
5.567552693110654205e-02
1.991328974510626071e-01
2.754934825953204158e-01
3.082389135780954081e-01
3.020549354814107135e-01
2.105083702397614054e-01
1.868026460388605425e-01
2.521673829843961712e-01
1.691734048021592551e-01
1.254360651593089404e-01
1.236056455482374278e-01
6.494352921454257799e-02
1.108771841701436250e-01
1.587189727352389945e-01
2.049239158003453576e-01
1.947760661990630693e-01
3.566860979275363608e-01
2.716671565119314624e-01
2.427380978381064869e-01
9.180697481809149685e-02
3.197818565691174508e-01
1.367586328818895802e-01
4.047059032617188468e-01
6.048536229582384544e-02
1.107762673346065346e-01
8.965351034706259270e-02
1.376526975737956404e-01
2.793088233607040061e-01
3.138978166004707804e-02
1.886822789898950081e-01
3.069999719993262155e-01
1.463151726693792953e-01
3.553622038670520844e-01
1.813499579395683181e-01
6.321622183279851370e-02
1.676499260514769940e-01
3.848798808602322263e-01
3.213060674988576504e-01
1.907361888438777464e-01
1.701811627299332497e-01
3.017511841236568682e-01
1.623962102307374977e-01
2.852267849446345482e-01
1.967220674092084454e-01
3.955567171215973454e-01
5.152171238894728833e-02
2.634282393061306293e-01
1.672684565743012830e-01
1.852596161019065268e-01
1.728919202943657307e-01
2.192742938420803034e-01
1.390986206594162777e-01
2.385711550640196854e-01
2.838024110402375677e-01
3.159678636750677949e-01
7.174832519053553348e-02
3.195208021473086579e-01
3.176842024217373939e-01
1.739302900320567613e-01
4.680028162379200052e-01
3.057613053402400416e-01
1.978093259687704886e-01
4.364330355383194138e-01
3.970803209818343782e-01
4.599830184324772975e-01
3.058303989471483630e-01
3.989915249478115378e-01
4.240126979646555161e-01
1.933577241183648820e-01
1.820172400230093968e-01
8.372898846676521400e-02
1.745643996165699152e-01
4.113527562401793347e-02
2.501015236910558714e-01
3.549306197034619581e-01
3.317894046462854796e-01
1.669127196345942532e-01
3.257664658470652008e-01
2.684665200154942033e-01
5.953085888391432823e-01
1.418917690918325147e-01
1.482988842761024106e-01
4.829505841451183779e-01
1.360631246175577902e-01
2.911831739912091876e-01
4.129705857508463862e-01
2.721182035347947115e-01
2.129196585339152015e-01
2.009974430196218367e-02
1.224402618922290770e-01
2.187310283227346941e-01
1.728884933179306860e-01
1.793225515039141293e-01
1.823588199471703752e-01
1.089839843237408318e-01
3.324929107641791393e-02
2.667179182339308174e-01
2.240631145784414135e-01
9.556072982476881972e-02
2.405306708036858698e-01
2.362846101739479732e-01
1.862340723580008794e-01
1.347015532547028993e-01
2.915007037243418919e-01
2.817263745201228353e-01
3.426920715631658343e-01
2.434398387421545795e-01
1.000370377411998052e-01
3.220238065133468330e-01
2.111880812414753117e-01
3.361744848531408175e-02
5.081864320685138339e-03
3.587963887467603835e-02
3.948702745254885627e-01
1.991989462689395390e-02
1.619055373786930721e-02
2.591513417581921275e-02
2.399392741228223991e-01
2.384396133378169080e-01
1.283100081990417030e-01
2.623783359165889895e-01
2.476716379559880110e-01
2.944682463941354286e-02
2.315454555375499601e-01
3.406088863281175882e-02
2.507215284118075593e-01
1.330253181749074254e-01
2.608100832763453059e-01
5.685108363510143342e-02
1.888911589296496385e-02
1.629875342045066788e-01
1.597782402282518777e-01
2.549071284797904680e-01
2.392013030706270083e-01
4.921081598604105656e-01
1.248954264450769930e-01
2.927799159255744521e-01
1.479616100050125949e-01
1.972888447745208274e-01
3.604890441096936793e-01
2.473862046039856100e-01
2.990366785315640152e-01
1.127681222650149667e-01
2.286729091744799935e-01
2.741903260121353880e-01
1.845419944489552766e-01
2.805857980506940019e-01
1.803374536025726116e-01
4.504401362828434618e-01
1.149403962158333237e-01
2.993498306347283089e-01
4.436019391072721363e-01
3.403313141724608193e-01
2.273239356945175871e-01
4.367373318945140248e-01
3.958163353394056339e-01
1.651432075713196168e-01
4.258712382254170037e-01
1.114657212290507821e-01
1.660443298434099990e-01
2.150527290347036824e-01
4.190660775273246097e-01
1.341824088614237687e-01
8.476673821845694123e-02
2.966665381192114537e-01
3.975628694372969618e-01
2.816507373566079497e-01
2.823676547684424443e-01
4.227622150624078534e-01
4.282788957958763021e-01
5.159679931767147121e-01
3.734994489480628621e-01
8.319084162230673540e-02
1.395463760638259443e-01
1.412615010873472798e-01
1.580857203139361677e-01
1.027394318902010995e-01
4.811297919666837619e-02
3.402292512347291353e-01
2.534765377927507002e-01
4.032858607235744741e-01
8.513040851595490843e-02
2.892270616546823159e-01
9.944935384890191132e-02
1.941778773296841953e-01
2.743616133155475922e-01
3.320315257708836287e-01
1.157217830453927676e-01
2.514670298561251793e-01
1.559687938181779920e-01
2.256158768768763145e-01
3.971250899964611780e-01
6.886259129560848291e-02
1.180924824784536087e-01
3.380088956160823832e-01
1.150830404104598442e-01
1.209756806221049807e-01
2.239863703257060357e-01
4.434381449696511157e-01
3.948177307105678047e-01
2.797063240481525992e-01
2.898175831230286326e-01
2.913071930912187746e-01
1.531140532796061715e-01
3.910996357298532899e-01
2.473279522624975690e-01
2.996090833876243198e-01
2.543309767552581202e-01
1.847004026918262487e-01
1.405824668801775035e-01
1.364522387343520826e-01
1.494262830899898142e-01
1.954295375491037490e-01
1.576238416459375125e-01
2.203997844264381223e-01
1.522429313116522853e-01
1.710589332335148982e-01
1.885395128021360445e-01
2.160370217431064055e-01
2.446933446890250108e-01
2.359648399101831884e-01
3.956545831004809055e-01
2.373892015247480447e-01
1.847634741070302844e-01
1.451157275742718800e-01
2.922820550799465900e-01
5.179478066207057196e-01
2.949971146334649519e-01
1.582090011287748399e-01
2.483026378136505286e-01
1.609597973325573583e-01
3.320698832461341232e-01
2.096869052068389139e-01
4.285880977393486946e-01
5.196144634072766971e-02
3.459092784819646771e-01
3.901562562637499454e-01
3.817844045436893374e-01
4.466986053810912960e-01
3.529254465533193108e-01
2.238201132967002349e-01
5.138118651141323490e-01
1.677296584666556345e-01
4.366277072231571910e-01
4.406662416675627969e-01
3.367590055885095190e-01
2.195732687268142636e-01
1.625284750829578684e-01
5.019664299236772376e-01
3.939282922181275293e-01
2.753526128118972127e-01
1.987791633455412987e-01
2.563271907527662763e-01
3.026250743600369386e-01
3.093155378403960598e-01
3.967944662018637603e-01
1.997949227229493530e-01
2.014875354036915478e-01
1.514014095932252058e-01
4.004910026020165881e-01
2.654353414365649422e-01
1.756232886918323022e-01
2.382370940756946831e-01
7.434413444045792629e-02
1.382032706344765161e-01
1.816012293368793884e-01
2.375046294184427476e-01
1.722607073013631973e-01
1.484063200433848040e-02
1.969691061413854360e-01
2.145352051998496712e-01
1.138696540805711754e-01
2.091942302064207504e-01
1.368544122032038235e-01
9.950967189462114892e-02
1.983619455284696409e-01
4.886217479308717360e-02
3.416468656973912360e-02
1.332211275077942736e-01
1.575057431534836461e-01
1.968218627150951361e-01
2.840026081718445838e-01
3.252850368608220522e-01
1.768738622244606928e-01
8.842825510616633689e-02
4.143757833700368876e-01
5.425443900904562688e-02
4.010675637566655238e-01
8.072154287531772832e-02
2.815565247883842215e-01
2.986324218073352910e-01
2.909154457425683904e-01
1.322730862758887960e-01
1.552075289088147569e-01
1.121307919824155591e-01
9.580671640706825420e-02
7.816914776478678384e-02
1.733109940964387974e-01
1.998104301852242914e-01
2.387786477690236053e-01
1.901139312931871828e-01
5.588843370274097083e-02
3.110952256111347847e-01
2.471421743430296247e-01
1.605192805540378853e-01
3.701008251657201820e-01
2.127763573956762411e-01
1.635135825373120189e-01
3.562225719088892295e-01
3.070038748366120673e-01
3.927967950263235863e-01
3.184858183872075199e-01
4.364653792403102583e-01
2.314613828412403207e-01
3.780833817375458539e-01
1.556028361536624105e-01
5.562425903407883787e-01
2.788438991007648471e-01
2.457589381434833464e-01
3.858899675270021090e-01
6.109198015162225354e-02
4.217855605879045067e-01
2.058311254868076812e-01
1.806701836689469376e-01
3.403815391591776263e-01
6.959849583197866285e-02
2.580845190996969296e-01
3.183847229265064915e-01
2.616652764848558244e-01
1.482937785619066196e-01
2.516762443468706367e-01
5.082034338221527170e-01
4.114097521615676240e-02
3.156861700531018999e-01
3.652621829014127686e-01
1.448548107063933055e-01
1.218141035759942176e-01
1.853643547998239660e-01
3.360654306386247625e-01
1.467798655883338355e-01
5.731257830662731673e-02
3.054572564731115047e-01
1.082155824393256083e-01
1.400930459705422293e-01
3.386896443459189165e-01
2.394754816373080297e-01
4.006894779217737290e-01
1.422098613381237997e-01
1.437214110808953116e-01
2.316474952482950322e-01
1.943977451383367694e-01
1.170916093081338094e-01
2.504358252525420436e-01
7.594821660381381734e-02
2.160834415702835853e-01
1.444573757211389808e-01
1.091237868834662589e-01
2.992141059396381531e-01
1.066726125296598437e-01
1.765431423040314252e-01
5.301421592973792896e-02
2.483685168049214187e-01
2.536695947687730435e-01
1.926264353644666638e-01
2.916063349737703092e-01
4.449279856504552155e-01
3.095153370380604452e-01
2.044004899981810564e-01
5.219507333563343232e-02
1.342374280627860739e-01
3.746906721438110210e-01
1.757012908318598132e-01
8.217184258962560717e-02
2.914446903616627060e-01
1.021850600416933930e-01
3.243324784114799963e-01
1.985255873001458560e-01
3.058752409768654146e-01
4.017052532943107823e-01
1.222876834232032028e-01
7.727323274352722315e-02
1.032528346891027071e-01
7.763159600308031094e-02
3.245656649006883332e-01
3.294039465641978581e-01
3.049321250707821562e-01
1.100321179014263490e-01
4.430213803866999561e-02
1.018171693687507096e-02
7.706663604337071760e-02
3.790190275947987741e-01
2.102693049970184858e-01
2.046768135981158199e-01
2.545512481272574346e-01
5.867601467667496462e-02
1.538992279060613644e-01
3.413610135728423201e-01
1.280331031741480941e-01
2.609006565697429281e-01
1.106637233118808461e-01
3.064154904281166103e-01
2.957204238948986097e-01
3.637511264705158287e-01
3.019065977450384186e-01
1.344182142925275936e-01
4.659125310515681573e-01
3.021239302323118214e-01
2.615020688407320715e-01
2.336896025140920707e-01
5.964834437946138490e-02
1.637137486113219020e-01
2.952359806579396562e-01
7.187414846927028811e-02
7.141037001406458362e-02
2.024514964539868844e-01
8.110473238774397464e-02
1.191701016351612435e-01
2.348058858130043225e-01
5.176336420306456437e-02
3.672221314146650872e-01
5.360116770641660811e-01
3.086741567578368262e-01
4.443384968319531447e-01
1.292665082654194941e-01
1.827382305532265494e-01
2.856590544933856890e-01
6.144157434154014913e-02
6.678865668151851009e-02
2.560098206860955128e-01
2.865656281056132015e-01
2.085988898751658660e-01
6.202680334878758750e-02
1.919899675307621401e-01
3.100923833998861165e-02
2.396002407680946356e-01
2.327333415460621224e-01
1.496127081643121026e-01
1.838262605144826145e-01
3.154921348468218700e-01
9.803290254322678809e-02
2.816246822232986724e-01
2.542098309230084174e-01
2.662181099973195408e-01
2.307379304189488556e-01
2.454804230310216606e-01
2.121542996397252634e-01
1.898276972861388801e-01
1.464325884628124019e-01
2.797759799932233449e-01
6.737019917394990176e-02
3.563372516293324965e-01
3.236994831059368249e-01
2.346238939170404991e-01
2.534183768297635919e-01
4.545969050131919154e-02
1.237045761692611434e-01
3.137240915570942978e-01
2.303115254455561089e-01
2.958700738040697109e-01
1.572482998506931351e-01
1.195729735797379650e-01
1.460234530285517973e-01
1.630955106519280662e-01
1.789397154924175226e-01
3.474045029522347394e-01
1.164174321159279907e-01
3.238620369043108127e-01
7.024180861116861851e-02
1.402624733867400830e-01
3.052255585060851817e-01
1.444922229188421725e-01
2.769179240274513010e-01
1.793801483661034146e-01
1.582037346247461562e-01
3.172228369790605074e-01
2.748914825053099809e-01
2.490725207846181677e-01
3.530616145185846433e-01
2.360527957062042159e-01
2.382553086219493799e-01
2.599914105307166157e-01
1.434300656566296073e-01
1.863640326064718855e-01
5.902923147378966867e-02
9.525663391384515954e-02
1.204437448770156599e-01
2.309906091096272929e-01
3.293269269372960939e-01
2.904930926280535619e-01
3.866917506984880459e-01
4.195474322258607169e-01
1.448340800443521648e-01
2.184845975780671523e-01
2.217957691420897326e-01
1.525953089927845341e-01
3.473759456373882171e-01
9.721019183966291000e-02
1.919639817729109077e-01
2.809896903744961705e-01
3.581226046476955194e-01
3.185440139613712751e-01
2.025784613925393496e-01
2.490811781351588705e-01
1.006483571713014252e-01
8.558467797331235916e-02
1.559733581615506959e-01
9.089980630311104981e-02
2.597285848416305276e-01
4.081856818064052983e-01
3.347776723348986905e-01
4.784419360560462908e-01
1.935701619644836224e-01
2.274884442204053170e-01
1.185455275032845784e-01
2.355506395581599410e-01
2.962622784633122675e-01
2.724526701482578028e-01
1.674961068579389201e-01
2.853001850725910282e-01
2.395855037403878673e-01
2.249654373202037705e-01
1.307045396938603388e-01
1.490036134301120085e-01
2.828686483331668278e-01
1.558089002823778990e-01
9.683067561997395212e-02
1.775234100599481502e-01
1.113021305622956397e-01
1.544362193438194863e-01
1.484781174743136090e-01
5.098567486922479103e-02
1.087615384151159603e-01
7.941343908467442259e-02
1.116663558697553182e-01
3.347413613259485055e-01
5.588568607216209266e-02
4.781360167454037358e-01
1.355090810983481386e-01
4.838552809071254845e-01
1.122768840602577922e-01
3.320483710259864440e-01
1.773059341811808465e-01
1.883924676051931812e-01
1.290570172283037609e-01
2.952661098755459679e-01
9.042430135643844680e-02
1.310716828418436175e-01
1.379554718936790991e-01
1.618089345657945932e-01
1.382088245551252037e-01
7.834666720748706403e-02
1.374641289271399391e-01
8.745549228471180547e-02
1.506721874111520143e-01
2.955198009754639865e-01
1.664890402739556408e-01
2.731269528879830544e-01
3.343717771288459151e-01
2.097843663428948235e-01
6.405246193766696294e-02
8.626346034492095305e-02
2.016113188774292520e-01
2.765545495345136939e-01
4.010937730394528722e-02
3.504266453627116196e-01
2.243418843218431824e-01
2.052854761038512277e-01
4.924064556993181241e-01
4.689673131050697830e-01
1.020726054180677855e-01
2.693844508431775808e-01
1.037619787559257156e-01
7.653084979543374466e-02
2.852733785185566640e-01
1.950530903841473651e-01
2.449203494137055515e-01
3.839547819114154659e-01
1.141734749943808386e-01
2.476525933333969254e-01
3.867709329714329458e-01
5.429909065807063673e-01
2.236989260835047233e-01
4.077405737250399120e-01
2.297722141260680195e-01
3.668610179438478447e-01
1.243878856170163166e-01
2.049456288986798713e-01
4.939739632493683197e-01
1.501644243192790107e-01
3.484523107659145413e-01
3.227451774153788921e-01
1.010494803116972068e-01
2.386603760151772835e-01
2.005653518270937019e-01
3.299017493243863730e-02
2.640641561089326350e-01
1.712455091087765613e-01
2.381148775396841888e-01
1.311124444895939989e-01
1.234098381198306393e-01
2.196343758924491629e-01
3.358688817517000991e-01
1.899451551614883826e-01
1.371725847728608172e-01
1.219153440452667020e-01
3.540194525005906923e-01
1.802705348134936159e-01
1.594158101974128272e-01
1.747177984877361923e-01
8.293180310267679600e-02
8.196855239145975358e-02
3.128749715851786295e-01
2.102227292806305714e-01
2.432386845499894534e-01
2.664035647693804298e-01
1.495639067948789924e-01
1.788240219643391082e-01
2.590599385125466059e-01
1.951944811164723903e-01
2.414603798281548530e-01
1.212262396620900629e-01
1.212894805436605522e-01
3.382133717461490718e-01
1.480982830411868567e-01
1.338463617132897854e-01
4.095135929628573312e-01
1.853749773131151135e-01
7.662256790413411733e-02
2.087295085289339325e-01
8.696843122324954267e-02
1.446449398335308556e-01
3.028887943355684786e-01
3.093219755829860196e-01
1.807090043450807759e-01
3.406927141450851182e-01
4.312409771401061187e-01
7.793726100334105733e-02
6.199813131513379899e-02
1.792249703422915674e-01
8.887395226488216393e-02
8.962692321496942838e-02
2.544561597773018491e-01
2.346322126341473246e-01
1.928076297992388499e-01
1.923120975114002429e-01
1.460520633337142049e-01
1.708902328021340289e-01
8.578251177157465712e-02
2.425372920593966974e-01
8.920195919762523296e-02
2.601125224282939130e-01
2.371164562930594133e-01
3.545384415644576848e-01
2.112373378076957409e-01
3.501270944486493675e-01
3.065108440689877645e-01
4.454409710836401137e-01
4.068824068851659703e-01
5.372104569753053394e-01
2.849521711132053658e-01
4.594738900709360307e-01
1.032393662913489440e-01
3.940059863328537748e-01
8.294095059015063609e-02
3.449352829214644145e-01
2.202015618774895434e-01
1.738172394515587471e-01
1.174322265627200483e-02
3.592714961775151927e-01
1.640860897708266708e-01
2.472278591571607231e-01
3.847341030006828366e-01
4.338092081160623836e-01
3.764770429735470603e-01
3.998268525017242281e-01
7.770645695248290519e-02
1.090331237183707613e-01
8.379772037503052662e-02
1.735471856649869749e-01
2.319594316060287764e-01
2.119595947993760943e-01
1.568231619489518502e-01
7.580882228446406135e-02
2.486712251384384786e-01
3.265998111247356284e-01
2.713801736947245025e-01
9.711716951551403743e-02
2.598437893913485564e-01
2.980018895874935181e-01
1.770310428063187336e-01
3.689324823793227459e-01
4.794059554175279514e-01
1.749444541962675015e-01
1.620487048117655038e-01
2.009387353279623034e-01
2.512949446820543220e-01
3.097296930963550632e-01
1.008175588489252372e-01
1.692200200120704823e-01
2.647807724877787594e-01
1.964648394992919989e-01
3.011265646363011084e-01
1.847457451515823745e-01
3.949765712562245956e-01
4.277264075269448518e-01
4.420768113343196554e-02
7.210685408310468780e-02
1.973284182291734912e-01
1.018810975907079308e-01
3.653339250918143377e-01
3.368500933263195440e-01
2.283791956185730332e-01
8.720806832706488876e-02
2.533755344774999974e-01
4.040344233949384467e-01
3.440047586276422376e-01
2.136356959373780784e-01
6.874977767512480131e-02
4.455804302037877362e-02
1.996589009741280563e-01
3.151868272694658968e-01
1.599984750077631801e-01
1.113305571176976538e-01
1.777690124184277409e-01
2.160242247695662310e-01
2.873381105309866790e-01
2.018893824187785180e-01
4.330153785116995779e-01
1.714671787534605488e-02
3.641326160373711818e-01
1.655454504366358492e-01
4.001743692759968801e-02
3.208288225705847596e-01
2.629886803142259533e-01
1.555323215514292368e-01
2.874318133634009564e-01
9.810501571474952720e-02
3.055353737216658927e-01
1.354090019729810579e-01
1.370448778428424996e-01
1.226371216706072520e-01
1.330055012110042678e-01
3.383876646472777638e-01
1.684283673733586728e-01
2.080216604431569805e-01
3.543673470494546063e-01
2.145591047246973304e-01
3.454921879292484621e-01
1.055153032375876071e-01
1.978912545913347476e-01
4.205145515080706553e-01
5.450754585579236505e-02
1.744987143167582022e-01
5.373424966231846733e-01
7.653324528038676910e-02
3.670692587935215356e-01
2.728821893899808226e-01
1.754611833028441314e-01
3.953511312370998065e-01
8.264639782029228887e-02
3.947246222909880364e-01
3.152385870086305553e-01
2.645609218259951656e-01
2.995072405571221896e-01
2.619746999453793634e-01
2.812346237001853710e-01
4.661797002004003931e-01
1.049614051074295312e-01
9.429806470968724041e-02
1.719814131612294461e-01
2.571399523681331956e-01
4.242970221508597928e-01
1.001947523004208390e-01
1.336864198470342213e-01
2.408687926655071754e-01
3.379463406779697476e-01
3.965414302887525499e-01
1.317907427112792185e-01
8.675357950518738925e-02
2.436175491338488652e-01
2.991437460396302317e-01
2.452294075057218636e-01
2.240964851203338659e-01
1.013040239894727468e-01
3.275659982895280375e-01
1.002563877491058630e-01
1.391315596930323417e-01
2.081324408522047809e-01
1.128714827598168990e-01
4.290488736193301955e-01
2.728737329646278575e-01
2.936105324525515869e-01
1.911150605126986368e-01
2.607024797045338627e-01
1.413544263204569162e-01
2.329211642460660148e-01
