0.000000000000000000e+00
1.000500250125062468e-01
2.001000500250124936e-01
3.001500750375187265e-01
4.002001000500249872e-01
5.002501250625311924e-01
6.003001500750374531e-01
7.003501750875437137e-01
8.004002001000499744e-01
9.004502251125562351e-01
1.000500250125062385e+00
1.100550275137568645e+00
1.200600300150074906e+00
1.300650325162581167e+00
1.400700350175087427e+00
1.500750375187593688e+00
1.600800400200099949e+00
1.700850425212606210e+00
1.800900450225112470e+00
1.900950475237618731e+00
2.001000500250124770e+00
2.101050525262631030e+00
2.201100550275137291e+00
2.301150575287643552e+00
2.401200600300149812e+00
2.501250625312656073e+00
2.601300650325162334e+00
2.701350675337668594e+00
2.801400700350174855e+00
2.901450725362681116e+00
3.001500750375187376e+00
3.101550775387693637e+00
3.201600800400199898e+00
3.301650825412706158e+00
3.401700850425212419e+00
3.501750875437718680e+00
3.601800900450224940e+00
3.701850925462731201e+00
3.801900950475237462e+00
3.901950975487743722e+00
4.002001000500249539e+00
4.102051025512755800e+00
4.202101050525262060e+00
4.302151075537768321e+00
4.402201100550274582e+00
4.502251125562780842e+00
4.602301150575287103e+00
4.702351175587793364e+00
4.802401200600299624e+00
4.902451225612805885e+00
5.002501250625312146e+00
5.102551275637818406e+00
5.202601300650324667e+00
5.302651325662830928e+00
5.402701350675337189e+00
5.502751375687843449e+00
5.602801400700349710e+00
5.702851425712855971e+00
5.802901450725362231e+00
5.902951475737868492e+00
6.003001500750374753e+00
6.103051525762881013e+00
6.203101550775387274e+00
6.303151575787893535e+00
6.403201600800399795e+00
6.503251625812906056e+00
6.603301650825412317e+00
6.703351675837918577e+00
6.803401700850424838e+00
6.903451725862931099e+00
7.003501750875437359e+00
7.103551775887943620e+00
7.203601800900449881e+00
7.303651825912956141e+00
7.403701850925462402e+00
7.503751875937968663e+00
7.603801900950474923e+00
7.703851925962981184e+00
7.803901950975487445e+00
7.903951975987993706e+00
8.004002001000499078e+00
8.104052026013006227e+00
8.204102051025511599e+00
8.304152076038018748e+00
8.404202101050524121e+00
8.504252126063031270e+00
8.604302151075536642e+00
8.704352176088043791e+00
8.804402201100549163e+00
8.904452226113056312e+00
9.004502251125561685e+00
9.104552276138068834e+00
9.204602301150574206e+00
9.304652326163081355e+00
9.404702351175586728e+00
9.504752376188093876e+00
9.604802401200599249e+00
9.704852426213106398e+00
9.804902451225611770e+00
9.904952476238118919e+00
1.000500250125062429e+01
1.010505252626313144e+01
1.020510255127563681e+01
1.030515257628814396e+01
1.040520260130064933e+01
1.050525262631315648e+01
1.060530265132566186e+01
1.070535267633816900e+01
1.080540270135067438e+01
1.090545272636318153e+01
1.100550275137568690e+01
1.110555277638819405e+01
1.120560280140069942e+01
1.130565282641320657e+01
1.140570285142571194e+01
1.150575287643821909e+01
1.160580290145072446e+01
1.170585292646323161e+01
1.180590295147573698e+01
1.190595297648824413e+01
1.200600300150074951e+01
1.210605302651325665e+01
1.220610305152576203e+01
1.230615307653826918e+01
1.240620310155077455e+01
1.250625312656328170e+01
1.260630315157578707e+01
1.270635317658829422e+01
1.280640320160079959e+01
1.290645322661330496e+01
1.300650325162581211e+01
1.310655327663831748e+01
1.320660330165082463e+01
1.330665332666333001e+01
1.340670335167583715e+01
1.350675337668834253e+01
1.360680340170084968e+01
1.370685342671335505e+01
1.380690345172586220e+01
1.390695347673836757e+01
1.400700350175087472e+01
1.410705352676338009e+01
1.420710355177588724e+01
1.430715357678839261e+01
1.440720360180089976e+01
1.450725362681340513e+01
1.460730365182591228e+01
1.470735367683841766e+01
1.480740370185092480e+01
1.490745372686343018e+01
1.500750375187593733e+01
1.510755377688844270e+01
1.520760380190094985e+01
1.530765382691345522e+01
1.540770385192596237e+01
1.550775387693846774e+01
1.560780390195097489e+01
1.570785392696348026e+01
1.580790395197598741e+01
1.590795397698849278e+01
1.600800400200099816e+01
1.610805402701350530e+01
1.620810405202601245e+01
1.630815407703851960e+01
1.640820410205102320e+01
1.650825412706353035e+01
1.660830415207603750e+01
1.670835417708854465e+01
1.680840420210104824e+01
1.690845422711355539e+01
1.700850425212606254e+01
1.710855427713856969e+01
1.720860430215107328e+01
1.730865432716358043e+01
1.740870435217608758e+01
1.750875437718859473e+01
1.760880440220109833e+01
1.770885442721360548e+01
1.780890445222611262e+01
1.790895447723861977e+01
1.800900450225112337e+01
1.810905452726363052e+01
1.820910455227613767e+01
1.830915457728864482e+01
1.840920460230114841e+01
1.850925462731365556e+01
1.860930465232616271e+01
1.870935467733866986e+01
1.880940470235117346e+01
1.890945472736368060e+01
1.900950475237618775e+01
1.910955477738869490e+01
1.920960480240119850e+01
1.930965482741370565e+01
1.940970485242621280e+01
1.950975487743871639e+01
1.960980490245122354e+01
1.970985492746373069e+01
1.980990495247623784e+01
1.990995497748874143e+01
2.001000500250124858e+01
2.011005502751375573e+01
2.021010505252626288e+01
2.031015507753876648e+01
2.041020510255127363e+01
2.051025512756378077e+01
2.061030515257628792e+01
2.071035517758879152e+01
2.081040520260129867e+01
2.091045522761380582e+01
2.101050525262631297e+01
2.111055527763881656e+01
2.121060530265132371e+01
2.131065532766383086e+01
2.141070535267633801e+01
2.151075537768884161e+01
2.161080540270134875e+01
2.171085542771385590e+01
2.181090545272636305e+01
2.191095547773886665e+01
2.201100550275137380e+01
2.211105552776388095e+01
2.221110555277638809e+01
2.231115557778889169e+01
2.241120560280139884e+01
2.251125562781390599e+01
2.261130565282641314e+01
2.271135567783891673e+01
2.281140570285142388e+01
2.291145572786393103e+01
2.301150575287643818e+01
2.311155577788894178e+01
2.321160580290144893e+01
2.331165582791395607e+01
2.341170585292646322e+01
2.351175587793896682e+01
2.361180590295147397e+01
2.371185592796398112e+01
2.381190595297648827e+01
2.391195597798899186e+01
2.401200600300149901e+01
2.411205602801400616e+01
2.421210605302651331e+01
2.431215607803901690e+01
2.441220610305152405e+01
2.451225612806403120e+01
2.461230615307653835e+01
2.471235617808904195e+01
2.481240620310154910e+01
2.491245622811405624e+01
2.501250625312656339e+01
2.511255627813906699e+01
2.521260630315157414e+01
2.531265632816408129e+01
2.541270635317658844e+01
2.551275637818909203e+01
2.561280640320159918e+01
2.571285642821410633e+01
2.581290645322660993e+01
2.591295647823911708e+01
2.601300650325162422e+01
2.611305652826413137e+01
2.621310655327663497e+01
2.631315657828914212e+01
2.641320660330164927e+01
2.651325662831415642e+01
2.661330665332666001e+01
2.671335667833916716e+01
2.681340670335167431e+01
2.691345672836418146e+01
2.701350675337668505e+01
2.711355677838919220e+01
2.721360680340169935e+01
2.731365682841420650e+01
2.741370685342671010e+01
2.751375687843921725e+01
2.761380690345172439e+01
2.771385692846423154e+01
2.781390695347673514e+01
2.791395697848924229e+01
2.801400700350174944e+01
2.811405702851425659e+01
2.821410705352676018e+01
2.831415707853926733e+01
2.841420710355177448e+01
2.851425712856428163e+01
2.861430715357678523e+01
2.871435717858929237e+01
2.881440720360179952e+01
2.891445722861430667e+01
2.901450725362681027e+01
2.911455727863931742e+01
2.921460730365182457e+01
2.931465732866433171e+01
2.941470735367683531e+01
2.951475737868934246e+01
2.961480740370184961e+01
2.971485742871435676e+01
2.981490745372686035e+01
2.991495747873936750e+01
3.001500750375187465e+01
3.011505752876438180e+01
3.021510755377688540e+01
3.031515757878939255e+01
3.041520760380189969e+01
3.051525762881440684e+01
3.061530765382691044e+01
3.071535767883941759e+01
3.081540770385192474e+01
3.091545772886443189e+01
3.101550775387693548e+01
3.111555777888944263e+01
3.121560780390194978e+01
3.131565782891445693e+01
3.141570785392696052e+01
3.151575787893946767e+01
3.161580790395197482e+01
3.171585792896448197e+01
3.181590795397698557e+01
3.191595797898949272e+01
3.201600800400199631e+01
3.211605802901450346e+01
3.221610805402701061e+01
3.231615807903951776e+01
3.241620810405202491e+01
3.251625812906453206e+01
3.261630815407703921e+01
3.271635817908953925e+01
3.281640820410204640e+01
3.291645822911455355e+01
3.301650825412706070e+01
3.311655827913956784e+01
3.321660830415207499e+01
3.331665832916458214e+01
3.341670835417708929e+01
3.351675837918958933e+01
3.361680840420209648e+01
3.371685842921460363e+01
3.381690845422711078e+01
3.391695847923961793e+01
3.401700850425212508e+01
3.411705852926463223e+01
3.421710855427713938e+01
3.431715857928963942e+01
3.441720860430214657e+01
3.451725862931465372e+01
3.461730865432716087e+01
3.471735867933966802e+01
3.481740870435217516e+01
3.491745872936468231e+01
3.501750875437718946e+01
3.511755877938968951e+01
3.521760880440219665e+01
3.531765882941470380e+01
3.541770885442721095e+01
3.551775887943971810e+01
3.561780890445222525e+01
3.571785892946473240e+01
3.581790895447723955e+01
3.591795897948973959e+01
3.601800900450224674e+01
3.611805902951475389e+01
3.621810905452726104e+01
3.631815907953976819e+01
3.641820910455227533e+01
3.651825912956478248e+01
3.661830915457728963e+01
3.671835917958978968e+01
3.681840920460229682e+01
3.691845922961480397e+01
3.701850925462731112e+01
3.711855927963981827e+01
3.721860930465232542e+01
3.731865932966483257e+01
3.741870935467733972e+01
3.751875937968983976e+01
3.761880940470234691e+01
3.771885942971485406e+01
3.781890945472736121e+01
3.791895947973986836e+01
3.801900950475237551e+01
3.811905952976488265e+01
3.821910955477738980e+01
3.831915957978988985e+01
3.841920960480239700e+01
3.851925962981490414e+01
3.861930965482741129e+01
3.871935967983991844e+01
3.881940970485242559e+01
3.891945972986493274e+01
3.901950975487743278e+01
3.911955977988993993e+01
3.921960980490244708e+01
3.931965982991495423e+01
3.941970985492746138e+01
3.951975987993996853e+01
3.961980990495247568e+01
3.971985992996498283e+01
3.981990995497748287e+01
3.991995997998999002e+01
4.002001000500249717e+01
4.012006003001500432e+01
4.022011005502751146e+01
4.032016008004001861e+01
4.042021010505252576e+01
4.052026013006503291e+01
4.062031015507753295e+01
4.072036018009004010e+01
4.082041020510254725e+01
4.092046023011505440e+01
4.102051025512756155e+01
4.112056028014006870e+01
4.122061030515257585e+01
4.132066033016508300e+01
4.142071035517758304e+01
4.152076038019009019e+01
4.162081040520259734e+01
4.172086043021510449e+01
4.182091045522761164e+01
4.192096048024011878e+01
4.202101050525262593e+01
4.212106053026513308e+01
4.222111055527763313e+01
4.232116058029014027e+01
4.242121060530264742e+01
4.252126063031515457e+01
4.262131065532766172e+01
4.272136068034016887e+01
4.282141070535267602e+01
4.292146073036518317e+01
4.302151075537768321e+01
4.312156078039019036e+01
4.322161080540269751e+01
4.332166083041520466e+01
4.342171085542771181e+01
4.352176088044021895e+01
4.362181090545272610e+01
4.372186093046523325e+01
4.382191095547773330e+01
4.392196098049024044e+01
4.402201100550274759e+01
4.412206103051525474e+01
4.422211105552776189e+01
4.432216108054026904e+01
4.442221110555277619e+01
4.452226113056528334e+01
4.462231115557778338e+01
4.472236118059029053e+01
4.482241120560279768e+01
4.492246123061530483e+01
4.502251125562781198e+01
4.512256128064031913e+01
4.522261130565282627e+01
4.532266133066532632e+01
4.542271135567783347e+01
4.552276138069034062e+01
4.562281140570284776e+01
4.572286143071535491e+01
4.582291145572786206e+01
4.592296148074036921e+01
4.602301150575287636e+01
4.612306153076537640e+01
4.622311155577788355e+01
4.632316158079039070e+01
4.642321160580289785e+01
4.652326163081540500e+01
4.662331165582791215e+01
4.672336168084041930e+01
4.682341170585292645e+01
4.692346173086542649e+01
4.702351175587793364e+01
4.712356178089044079e+01
4.722361180590294794e+01
4.732366183091545508e+01
4.742371185592796223e+01
4.752376188094046938e+01
4.762381190595297653e+01
4.772386193096547657e+01
4.782391195597798372e+01
4.792396198099049087e+01
4.802401200600299802e+01
4.812406203101550517e+01
4.822411205602801232e+01
4.832416208104051947e+01
4.842421210605302662e+01
4.852426213106552666e+01
4.862431215607803381e+01
4.872436218109054096e+01
4.882441220610304811e+01
4.892446223111555526e+01
4.902451225612806240e+01
4.912456228114056955e+01
4.922461230615307670e+01
4.932466233116557675e+01
4.942471235617808389e+01
4.952476238119059104e+01
4.962481240620309819e+01
4.972486243121560534e+01
4.982491245622811249e+01
4.992496248124061964e+01
5.002501250625312679e+01
5.012506253126562683e+01
5.022511255627813398e+01
5.032516258129064113e+01
5.042521260630314828e+01
5.052526263131565543e+01
5.062531265632816257e+01
5.072536268134066972e+01
5.082541270635317687e+01
5.092546273136567692e+01
5.102551275637818406e+01
5.112556278139069121e+01
5.122561280640319836e+01
5.132566283141570551e+01
5.142571285642821266e+01
5.152576288144071981e+01
5.162581290645321985e+01
5.172586293146572700e+01
5.182591295647823415e+01
5.192596298149074130e+01
5.202601300650324845e+01
5.212606303151575560e+01
5.222611305652826275e+01
5.232616308154076989e+01
5.242621310655326994e+01
5.252626313156577709e+01
5.262631315657828424e+01
5.272636318159079138e+01
5.282641320660329853e+01
5.292646323161580568e+01
5.302651325662831283e+01
5.312656328164081998e+01
5.322661330665332002e+01
5.332666333166582717e+01
5.342671335667833432e+01
5.352676338169084147e+01
5.362681340670334862e+01
5.372686343171585577e+01
5.382691345672836292e+01
5.392696348174087007e+01
5.402701350675337011e+01
5.412706353176587726e+01
5.422711355677838441e+01
5.432716358179089156e+01
5.442721360680339870e+01
5.452726363181590585e+01
5.462731365682841300e+01
5.472736368184092015e+01
5.482741370685342019e+01
5.492746373186592734e+01
5.502751375687843449e+01
5.512756378189094164e+01
5.522761380690344879e+01
5.532766383191595594e+01
5.542771385692846309e+01
5.552776388194097024e+01
5.562781390695347028e+01
5.572786393196597743e+01
5.582791395697848458e+01
5.592796398199099173e+01
5.602801400700349888e+01
5.612806403201600602e+01
5.622811405702851317e+01
5.632816408204102032e+01
5.642821410705352037e+01
5.652826413206602751e+01
5.662831415707853466e+01
5.672836418209104181e+01
5.682841420710354896e+01
5.692846423211605611e+01
5.702851425712856326e+01
5.712856428214107041e+01
5.722861430715357045e+01
5.732866433216607760e+01
5.742871435717858475e+01
5.752876438219109190e+01
5.762881440720359905e+01
5.772886443221610620e+01
5.782891445722861334e+01
5.792896448224111339e+01
5.802901450725362054e+01
5.812906453226612769e+01
5.822911455727863483e+01
5.832916458229114198e+01
5.842921460730364913e+01
5.852926463231615628e+01
5.862931465732866343e+01
5.872936468234116347e+01
5.882941470735367062e+01
5.892946473236617777e+01
5.902951475737868492e+01
5.912956478239119207e+01
5.922961480740369922e+01
5.932966483241620637e+01
5.942971485742871351e+01
5.952976488244121356e+01
5.962981490745372071e+01
5.972986493246622786e+01
5.982991495747873500e+01
5.992996498249124215e+01
6.003001500750374930e+01
6.013006503251625645e+01
6.023011505752876360e+01
6.033016508254126364e+01
6.043021510755377079e+01
6.053026513256627794e+01
6.063031515757878509e+01
6.073036518259129224e+01
6.083041520760379939e+01
6.093046523261630654e+01
6.103051525762881369e+01
6.113056528264131373e+01
6.123061530765382088e+01
6.133066533266632803e+01
6.143071535767883518e+01
6.153076538269134232e+01
6.163081540770384947e+01
6.173086543271635662e+01
6.183091545772886377e+01
6.193096548274136381e+01
6.203101550775387096e+01
6.213106553276637811e+01
6.223111555777888526e+01
6.233116558279139241e+01
6.243121560780389956e+01
6.253126563281640671e+01
6.263131565782891386e+01
6.273136568284141390e+01
6.283141570785392105e+01
6.293146573286642820e+01
6.303151575787893535e+01
6.313156578289144250e+01
6.323161580790394964e+01
6.333166583291645679e+01
6.343171585792896394e+01
6.353176588294146399e+01
6.363181590795397113e+01
6.373186593296647828e+01
6.383191595797898543e+01
6.393196598299149258e+01
6.403201600800399262e+01
6.413206603301649977e+01
6.423211605802900692e+01
6.433216608304151407e+01
6.443221610805402122e+01
6.453226613306652837e+01
6.463231615807903552e+01
6.473236618309154267e+01
6.483241620810404982e+01
6.493246623311655696e+01
6.503251625812906411e+01
6.513256628314157126e+01
6.523261630815407841e+01
6.533266633316658556e+01
6.543271635817907850e+01
6.553276638319158565e+01
6.563281640820409280e+01
6.573286643321659994e+01
6.583291645822910709e+01
6.593296648324161424e+01
6.603301650825412139e+01
6.613306653326662854e+01
6.623311655827913569e+01
6.633316658329164284e+01
6.643321660830414999e+01
6.653326663331665713e+01
6.663331665832916428e+01
6.673336668334167143e+01
6.683341670835417858e+01
6.693346673336668573e+01
6.703351675837917867e+01
6.713356678339168582e+01
6.723361680840419297e+01
6.733366683341670011e+01
6.743371685842920726e+01
6.753376688344171441e+01
6.763381690845422156e+01
6.773386693346672871e+01
6.783391695847923586e+01
6.793396698349174301e+01
6.803401700850425016e+01
6.813406703351675731e+01
6.823411705852926445e+01
6.833416708354177160e+01
6.843421710855427875e+01
6.853426713356678590e+01
6.863431715857927884e+01
6.873436718359178599e+01
6.883441720860429314e+01
6.893446723361680029e+01
6.903451725862930743e+01
6.913456728364181458e+01
6.923461730865432173e+01
6.933466733366682888e+01
6.943471735867933603e+01
6.953476738369184318e+01
6.963481740870435033e+01
6.973486743371685748e+01
6.983491745872936463e+01
6.993496748374187177e+01
7.003501750875437892e+01
7.013506753376688607e+01
7.023511755877937901e+01
7.033516758379188616e+01
7.043521760880439331e+01
7.053526763381690046e+01
7.063531765882940761e+01
7.073536768384191475e+01
7.083541770885442190e+01
7.093546773386692905e+01
7.103551775887943620e+01
7.113556778389194335e+01
7.123561780890445050e+01
7.133566783391695765e+01
7.143571785892946480e+01
7.153576788394197195e+01
7.163581790895447909e+01
7.173586793396697203e+01
7.183591795897947918e+01
7.193596798399198633e+01
7.203601800900449348e+01
7.213606803401700063e+01
7.223611805902950778e+01
7.233616808404201493e+01
7.243621810905452207e+01
7.253626813406702922e+01
7.263631815907953637e+01
7.273636818409204352e+01
7.283641820910455067e+01
7.293646823411705782e+01
7.303651825912956497e+01
7.313656828414207212e+01
7.323661830915457926e+01
7.333666833416707220e+01
7.343671835917957935e+01
7.353676838419208650e+01
7.363681840920459365e+01
7.373686843421710080e+01
7.383691845922960795e+01
7.393696848424211510e+01
7.403701850925462224e+01
7.413706853426712939e+01
7.423711855927963654e+01
7.433716858429214369e+01
7.443721860930465084e+01
7.453726863431715799e+01
7.463731865932966514e+01
7.473736868434217229e+01
7.483741870935467944e+01
7.493746873436717237e+01
7.503751875937967952e+01
7.513756878439218667e+01
7.523761880940469382e+01
7.533766883441720097e+01
7.543771885942970812e+01
7.553776888444221527e+01
7.563781890945472242e+01
7.573786893446722956e+01
7.583791895947973671e+01
7.593796898449224386e+01
7.603801900950475101e+01
7.613806903451725816e+01
7.623811905952976531e+01
7.633816908454227246e+01
7.643821910955477961e+01
7.653826913456727254e+01
7.663831915957977969e+01
7.673836918459228684e+01
7.683841920960479399e+01
7.693846923461730114e+01
7.703851925962980829e+01
7.713856928464231544e+01
7.723861930965482259e+01
7.733866933466732974e+01
7.743871935967983688e+01
7.753876938469234403e+01
7.763881940970485118e+01
7.773886943471735833e+01
7.783891945972986548e+01
7.793896948474237263e+01
7.803901950975486557e+01
7.813906953476737272e+01
7.823911955977987986e+01
7.833916958479238701e+01
7.843921960980489416e+01
7.853926963481740131e+01
7.863931965982990846e+01
7.873936968484241561e+01
7.883941970985492276e+01
7.893946973486742991e+01
7.903951975987993706e+01
7.913956978489244420e+01
7.923961980990495135e+01
7.933966983491745850e+01
7.943971985992996565e+01
7.953976988494247280e+01
7.963981990995496574e+01
7.973986993496747289e+01
7.983991995997998004e+01
7.993996998499248718e+01
8.004002001000499433e+01
8.014007003501750148e+01
8.024012006003000863e+01
8.034017008504251578e+01
8.044022011005502293e+01
8.054027013506753008e+01
8.064032016008003723e+01
8.074037018509254438e+01
8.084042021010505152e+01
8.094047023511755867e+01
8.104052026013006582e+01
8.114057028514257297e+01
8.124062031015506591e+01
8.134067033516757306e+01
8.144072036018008021e+01
8.154077038519258736e+01
8.164082041020509450e+01
8.174087043521760165e+01
8.184092046023010880e+01
8.194097048524261595e+01
8.204102051025512310e+01
8.214107053526763025e+01
8.224112056028013740e+01
8.234117058529264455e+01
8.244122061030515169e+01
8.254127063531765884e+01
8.264132066033016599e+01
8.274137068534267314e+01
8.284142071035516608e+01
8.294147073536767323e+01
8.304152076038018038e+01
8.314157078539268753e+01
8.324162081040519467e+01
8.334167083541770182e+01
8.344172086043020897e+01
8.354177088544271612e+01
8.364182091045522327e+01
8.374187093546773042e+01
8.384192096048023757e+01
8.394197098549274472e+01
8.404202101050525187e+01
8.414207103551775901e+01
8.424212106053026616e+01
8.434217108554275910e+01
8.444222111055526625e+01
8.454227113556777340e+01
8.464232116058028055e+01
8.474237118559278770e+01
8.484242121060529485e+01
8.494247123561780199e+01
8.504252126063030914e+01
8.514257128564281629e+01
8.524262131065532344e+01
8.534267133566783059e+01
8.544272136068033774e+01
8.554277138569284489e+01
8.564282141070535204e+01
8.574287143571785919e+01
8.584292146073036633e+01
8.594297148574285927e+01
8.604302151075536642e+01
8.614307153576787357e+01
8.624312156078038072e+01
8.634317158579288787e+01
8.644322161080539502e+01
8.654327163581790217e+01
8.664332166083040931e+01
8.674337168584291646e+01
8.684342171085542361e+01
8.694347173586793076e+01
8.704352176088043791e+01
8.714357178589294506e+01
8.724362181090545221e+01
8.734367183591795936e+01
8.744372186093046651e+01
8.754377188594295944e+01
8.764382191095546659e+01
8.774387193596797374e+01
8.784392196098048089e+01
8.794397198599298804e+01
8.804402201100549519e+01
8.814407203601800234e+01
8.824412206103050949e+01
8.834417208604301663e+01
8.844422211105552378e+01
8.854427213606803093e+01
8.864432216108053808e+01
8.874437218609304523e+01
8.884442221110555238e+01
8.894447223611805953e+01
8.904452226113056668e+01
8.914457228614305961e+01
8.924462231115556676e+01
8.934467233616807391e+01
8.944472236118058106e+01
8.954477238619308821e+01
8.964482241120559536e+01
8.974487243621810251e+01
8.984492246123060966e+01
8.994497248624311680e+01
9.004502251125562395e+01
9.014507253626813110e+01
9.024512256128063825e+01
9.034517258629314540e+01
9.044522261130565255e+01
9.054527263631815970e+01
9.064532266133065264e+01
9.074537268634315978e+01
9.084542271135566693e+01
9.094547273636817408e+01
9.104552276138068123e+01
9.114557278639318838e+01
9.124562281140569553e+01
9.134567283641820268e+01
9.144572286143070983e+01
9.154577288644321698e+01
9.164582291145572412e+01
9.174587293646823127e+01
9.184592296148073842e+01
9.194597298649324557e+01
9.204602301150575272e+01
9.214607303651825987e+01
9.224612306153075281e+01
9.234617308654325996e+01
9.244622311155576710e+01
9.254627313656827425e+01
9.264632316158078140e+01
9.274637318659328855e+01
9.284642321160579570e+01
9.294647323661830285e+01
9.304652326163081000e+01
9.314657328664331715e+01
9.324662331165582430e+01
9.334667333666833144e+01
9.344672336168083859e+01
9.354677338669334574e+01
9.364682341170585289e+01
9.374687343671836004e+01
9.384692346173085298e+01
9.394697348674336013e+01
9.404702351175586728e+01
9.414707353676837442e+01
9.424712356178088157e+01
9.434717358679338872e+01
9.444722361180589587e+01
9.454727363681840302e+01
9.464732366183091017e+01
9.474737368684341732e+01
9.484742371185592447e+01
9.494747373686843162e+01
9.504752376188093876e+01
9.514757378689344591e+01
9.524762381190595306e+01
9.534767383691846021e+01
9.544772386193095315e+01
9.554777388694346030e+01
9.564782391195596745e+01
9.574787393696847460e+01
9.584792396198098174e+01
9.594797398699348889e+01
9.604802401200599604e+01
9.614807403701850319e+01
9.624812406203101034e+01
9.634817408704351749e+01
9.644822411205602464e+01
9.654827413706853179e+01
9.664832416208103893e+01
9.674837418709354608e+01
9.684842421210605323e+01
9.694847423711854617e+01
9.704852426213105332e+01
9.714857428714356047e+01
9.724862431215606762e+01
9.734867433716857477e+01
9.744872436218108191e+01
9.754877438719358906e+01
9.764882441220609621e+01
9.774887443721860336e+01
9.784892446223111051e+01
9.794897448724361766e+01
9.804902451225612481e+01
9.814907453726863196e+01
9.824912456228113911e+01
9.834917458729364625e+01
9.844922461230615340e+01
9.854927463731864634e+01
9.864932466233115349e+01
9.874937468734366064e+01
9.884942471235616779e+01
9.894947473736867494e+01
9.904952476238118209e+01
9.914957478739368923e+01
9.924962481240619638e+01
9.934967483741870353e+01
9.944972486243121068e+01
9.954977488744371783e+01
9.964982491245622498e+01
9.974987493746873213e+01
9.984992496248123928e+01
9.994997498749374643e+01
1.000500250125062536e+02
1.001500750375187465e+02
1.002501250625312537e+02
1.003501750875437608e+02
1.004502251125562680e+02
1.005502751375687751e+02
1.006503251625812823e+02
1.007503751875937894e+02
1.008504252126062966e+02
1.009504752376188037e+02
1.010505252626313109e+02
1.011505752876438180e+02
1.012506253126563251e+02
1.013506753376688323e+02
1.014507253626813394e+02
1.015507753876938466e+02
1.016508254127063537e+02
1.017508754377188467e+02
1.018509254627313538e+02
1.019509754877438610e+02
1.020510255127563681e+02
1.021510755377688753e+02
1.022511255627813824e+02
1.023511755877938896e+02
1.024512256128063967e+02
1.025512756378189039e+02
1.026513256628314110e+02
1.027513756878439182e+02
1.028514257128564253e+02
1.029514757378689325e+02
1.030515257628814396e+02
1.031515757878939468e+02
1.032516258129064397e+02
1.033516758379189469e+02
1.034517258629314540e+02
1.035517758879439612e+02
1.036518259129564683e+02
1.037518759379689754e+02
1.038519259629814826e+02
1.039519759879939897e+02
1.040520260130064969e+02
1.041520760380190040e+02
1.042521260630315112e+02
1.043521760880440183e+02
1.044522261130565255e+02
1.045522761380690326e+02
1.046523261630815398e+02
1.047523761880940469e+02
1.048524262131065399e+02
1.049524762381190470e+02
1.050525262631315542e+02
1.051525762881440613e+02
1.052526263131565685e+02
1.053526763381690756e+02
1.054527263631815828e+02
1.055527763881940899e+02
1.056528264132065971e+02
1.057528764382191042e+02
1.058529264632316114e+02
1.059529764882441185e+02
1.060530265132566257e+02
1.061530765382691328e+02
1.062531265632816400e+02
1.063531765882941471e+02
1.064532266133066400e+02
1.065532766383191472e+02
1.066533266633316543e+02
1.067533766883441615e+02
1.068534267133566686e+02
1.069534767383691758e+02
1.070535267633816829e+02
1.071535767883941901e+02
1.072536268134066972e+02
1.073536768384192044e+02
1.074537268634317115e+02
1.075537768884442187e+02
1.076538269134567258e+02
1.077538769384692330e+02
1.078539269634817401e+02
1.079539769884942473e+02
1.080540270135067402e+02
1.081540770385192474e+02
1.082541270635317545e+02
1.083541770885442617e+02
1.084542271135567688e+02
1.085542771385692760e+02
1.086543271635817831e+02
1.087543771885942903e+02
1.088544272136067974e+02
1.089544772386193046e+02
1.090545272636318117e+02
1.091545772886443189e+02
1.092546273136568260e+02
1.093546773386693332e+02
1.094547273636818403e+02
1.095547773886943332e+02
1.096548274137068404e+02
1.097548774387193475e+02
1.098549274637318547e+02
1.099549774887443618e+02
1.100550275137568690e+02
1.101550775387693761e+02
1.102551275637818833e+02
1.103551775887943904e+02
1.104552276138068976e+02
1.105552776388194047e+02
1.106553276638319119e+02
1.107553776888444190e+02
1.108554277138569262e+02
1.109554777388694333e+02
1.110555277638819405e+02
1.111555777888944334e+02
1.112556278139069406e+02
1.113556778389194477e+02
1.114557278639319549e+02
1.115557778889444620e+02
1.116558279139569692e+02
1.117558779389694763e+02
1.118559279639819835e+02
1.119559779889944906e+02
1.120560280140069978e+02
1.121560780390195049e+02
1.122561280640320120e+02
1.123561780890445192e+02
1.124562281140570263e+02
1.125562781390695335e+02
1.126563281640820406e+02
1.127563781890945336e+02
1.128564282141070407e+02
1.129564782391195479e+02
1.130565282641320550e+02
1.131565782891445622e+02
1.132566283141570693e+02
1.133566783391695765e+02
1.134567283641820836e+02
1.135567783891945908e+02
1.136568284142070979e+02
1.137568784392196051e+02
1.138569284642321122e+02
1.139569784892446194e+02
1.140570285142571265e+02
1.141570785392696337e+02
1.142571285642821408e+02
1.143571785892946338e+02
1.144572286143071409e+02
1.145572786393196481e+02
1.146573286643321552e+02
1.147573786893446623e+02
1.148574287143571695e+02
1.149574787393696766e+02
1.150575287643821838e+02
1.151575787893946909e+02
1.152576288144071981e+02
1.153576788394197052e+02
1.154577288644322124e+02
1.155577788894447195e+02
1.156578289144572267e+02
1.157578789394697338e+02
1.158579289644822268e+02
1.159579789894947339e+02
1.160580290145072411e+02
1.161580790395197482e+02
1.162581290645322554e+02
1.163581790895447625e+02
1.164582291145572697e+02
1.165582791395697768e+02
1.166583291645822840e+02
1.167583791895947911e+02
1.168584292146072983e+02
1.169584792396198054e+02
1.170585292646323126e+02
1.171585792896448197e+02
1.172586293146573269e+02
1.173586793396698340e+02
1.174587293646823269e+02
1.175587793896948341e+02
1.176588294147073412e+02
1.177588794397198484e+02
1.178589294647323555e+02
1.179589794897448627e+02
1.180590295147573698e+02
1.181590795397698770e+02
1.182591295647823841e+02
1.183591795897948913e+02
1.184592296148073984e+02
1.185592796398199056e+02
1.186593296648324127e+02
1.187593796898449199e+02
1.188594297148574270e+02
1.189594797398699342e+02
1.190595297648824271e+02
1.191595797898949343e+02
1.192596298149074414e+02
1.193596798399199486e+02
1.194597298649324557e+02
1.195597798899449629e+02
1.196598299149574700e+02
1.197598799399699772e+02
1.198599299649824843e+02
1.199599799899949915e+02
1.200600300150074986e+02
1.201600800400200058e+02
1.202601300650325129e+02
1.203601800900450201e+02
1.204602301150575272e+02
1.205602801400700343e+02
1.206603301650825273e+02
1.207603801900950344e+02
1.208604302151075416e+02
1.209604802401200487e+02
1.210605302651325559e+02
1.211605802901450630e+02
1.212606303151575702e+02
1.213606803401700773e+02
1.214607303651825845e+02
1.215607803901950916e+02
1.216608304152075988e+02
1.217608804402201059e+02
1.218609304652326131e+02
1.219609804902451202e+02
1.220610305152576274e+02
1.221610805402701203e+02
1.222611305652826275e+02
1.223611805902951346e+02
1.224612306153076418e+02
1.225612806403201489e+02
1.226613306653326561e+02
1.227613806903451632e+02
1.228614307153576704e+02
1.229614807403701775e+02
1.230615307653826846e+02
1.231615807903951918e+02
1.232616308154076989e+02
1.233616808404202061e+02
1.234617308654327132e+02
1.235617808904452204e+02
1.236618309154577275e+02
1.237618809404702205e+02
1.238619309654827276e+02
1.239619809904952348e+02
1.240620310155077419e+02
1.241620810405202491e+02
1.242621310655327562e+02
1.243621810905452634e+02
1.244622311155577705e+02
1.245622811405702777e+02
1.246623311655827848e+02
1.247623811905952920e+02
1.248624312156077991e+02
1.249624812406203063e+02
1.250625312656328134e+02
1.251625812906453206e+02
1.252626313156578277e+02
1.253626813406703207e+02
1.254627313656828278e+02
1.255627813906953349e+02
1.256628314157078421e+02
1.257628814407203492e+02
1.258629314657328564e+02
1.259629814907453635e+02
1.260630315157578707e+02
1.261630815407703778e+02
1.262631315657828850e+02
1.263631815907953921e+02
1.264632316158078993e+02
1.265632816408204064e+02
1.266633316658329136e+02
1.267633816908454207e+02
1.268634317158579279e+02
1.269634817408704208e+02
1.270635317658829280e+02
1.271635817908954351e+02
1.272636318159079423e+02
1.273636818409204494e+02
1.274637318659329566e+02
1.275637818909454637e+02
1.276638319159579709e+02
1.277638819409704780e+02
1.278639319659829852e+02
1.279639819909954923e+02
1.280640320160079852e+02
1.281640820410204924e+02
1.282641320660329995e+02
1.283641820910455067e+02
1.284642321160580138e+02
1.285642821410705210e+02
1.286643321660830281e+02
1.287643821910955353e+02
1.288644322161080424e+02
1.289644822411205496e+02
1.290645322661330567e+02
1.291645822911455639e+02
1.292646323161580710e+02
1.293646823411705782e+02
1.294647323661830853e+02
1.295647823911955925e+02
1.296648324162080996e+02
1.297648824412206068e+02
1.298649324662331139e+02
1.299649824912456211e+02
1.300650325162581282e+02
1.301650825412706354e+02
1.302651325662831425e+02
1.303651825912956497e+02
1.304652326163081568e+02
1.305652826413206640e+02
1.306653326663331711e+02
1.307653826913456783e+02
1.308654327163581570e+02
1.309654827413706641e+02
1.310655327663831713e+02
1.311655827913956784e+02
1.312656328164081856e+02
1.313656828414206927e+02
1.314657328664331999e+02
1.315657828914457070e+02
1.316658329164582142e+02
1.317658829414707213e+02
1.318659329664832285e+02
1.319659829914957356e+02
1.320660330165082428e+02
1.321660830415207499e+02
1.322661330665332571e+02
1.323661830915457642e+02
1.324662331165582714e+02
1.325662831415707785e+02
1.326663331665832857e+02
1.327663831915957928e+02
1.328664332166083000e+02
1.329664832416208071e+02
1.330665332666333143e+02
1.331665832916458214e+02
1.332666333166583286e+02
1.333666833416708357e+02
1.334667333666833429e+02
1.335667833916958500e+02
1.336668334167083572e+02
1.337668834417208643e+02
1.338669334667333715e+02
1.339669834917458786e+02
1.340670335167583573e+02
1.341670835417708645e+02
1.342671335667833716e+02
1.343671835917958788e+02
1.344672336168083859e+02
1.345672836418208931e+02
1.346673336668334002e+02
1.347673836918459074e+02
1.348674337168584145e+02
1.349674837418709217e+02
1.350675337668834288e+02
1.351675837918959360e+02
1.352676338169084431e+02
1.353676838419209503e+02
1.354677338669334574e+02
1.355677838919459646e+02
1.356678339169584717e+02
1.357678839419709789e+02
1.358679339669834860e+02
1.359679839919959932e+02
1.360680340170085003e+02
1.361680840420210075e+02
1.362681340670335146e+02
1.363681840920460218e+02
1.364682341170585289e+02
1.365682841420710361e+02
1.366683341670835432e+02
1.367683841920960504e+02
1.368684342171085575e+02
1.369684842421210647e+02
1.370685342671335718e+02
1.371685842921460505e+02
1.372686343171585577e+02
1.373686843421710648e+02
1.374687343671835720e+02
1.375687843921960791e+02
1.376688344172085863e+02
1.377688844422210934e+02
1.378689344672336006e+02
1.379689844922461077e+02
1.380690345172586149e+02
1.381690845422711220e+02
1.382691345672836292e+02
1.383691845922961363e+02
1.384692346173086435e+02
1.385692846423211506e+02
1.386693346673336578e+02
1.387693846923461649e+02
1.388694347173586721e+02
1.389694847423711792e+02
1.390695347673836864e+02
1.391695847923961935e+02
1.392696348174087007e+02
1.393696848424212078e+02
1.394697348674337150e+02
1.395697848924462221e+02
1.396698349174587293e+02
1.397698849424712364e+02
1.398699349674837435e+02
1.399699849924962507e+02
1.400700350175087578e+02
1.401700850425212650e+02
1.402701350675337721e+02
1.403701850925462509e+02
1.404702351175587580e+02
1.405702851425712652e+02
1.406703351675837723e+02
1.407703851925962795e+02
1.408704352176087866e+02
1.409704852426212938e+02
1.410705352676338009e+02
1.411705852926463081e+02
1.412706353176588152e+02
1.413706853426713224e+02
1.414707353676838295e+02
1.415707853926963367e+02
1.416708354177088438e+02
1.417708854427213510e+02
1.418709354677338581e+02
1.419709854927463653e+02
1.420710355177588724e+02
1.421710855427713796e+02
1.422711355677838867e+02
1.423711855927963938e+02
1.424712356178089010e+02
1.425712856428214081e+02
1.426713356678339153e+02
1.427713856928464224e+02
1.428714357178589296e+02
1.429714857428714367e+02
1.430715357678839439e+02
1.431715857928964510e+02
1.432716358179089582e+02
1.433716858429214653e+02
1.434717358679339441e+02
1.435717858929464512e+02
1.436718359179589584e+02
1.437718859429714655e+02
1.438719359679839727e+02
1.439719859929964798e+02
1.440720360180089870e+02
1.441720860430214941e+02
1.442721360680340013e+02
1.443721860930465084e+02
1.444722361180590156e+02
1.445722861430715227e+02
1.446723361680840299e+02
1.447723861930965370e+02
1.448724362181090441e+02
1.449724862431215513e+02
1.450725362681340584e+02
1.451725862931465656e+02
1.452726363181590727e+02
1.453726863431715799e+02
1.454727363681840870e+02
1.455727863931965942e+02
1.456728364182091013e+02
1.457728864432216085e+02
1.458729364682341156e+02
1.459729864932466228e+02
1.460730365182591299e+02
1.461730865432716371e+02
1.462731365682841442e+02
1.463731865932966514e+02
1.464732366183091585e+02
1.465732866433216657e+02
1.466733366683341444e+02
1.467733866933466516e+02
1.468734367183591587e+02
1.469734867433716659e+02
1.470735367683841730e+02
1.471735867933966802e+02
1.472736368184091873e+02
1.473736868434216944e+02
1.474737368684342016e+02
1.475737868934467087e+02
1.476738369184592159e+02
1.477738869434717230e+02
1.478739369684842302e+02
1.479739869934967373e+02
1.480740370185092445e+02
1.481740870435217516e+02
1.482741370685342588e+02
1.483741870935467659e+02
1.484742371185592731e+02
1.485742871435717802e+02
1.486743371685842874e+02
1.487743871935967945e+02
1.488744372186093017e+02
1.489744872436218088e+02
1.490745372686343160e+02
1.491745872936468231e+02
1.492746373186593303e+02
1.493746873436718374e+02
1.494747373686843446e+02
1.495747873936968517e+02
1.496748374187093589e+02
1.497748874437218376e+02
1.498749374687343447e+02
1.499749874937468519e+02
1.500750375187593590e+02
1.501750875437718662e+02
1.502751375687843733e+02
1.503751875937968805e+02
1.504752376188093876e+02
1.505752876438218948e+02
1.506753376688344019e+02
1.507753876938469091e+02
1.508754377188594162e+02
1.509754877438719234e+02
1.510755377688844305e+02
1.511755877938969377e+02
1.512756378189094448e+02
1.513756878439219520e+02
1.514757378689344591e+02
1.515757878939469663e+02
1.516758379189594734e+02
1.517758879439719806e+02
1.518759379689844877e+02
1.519759879939969949e+02
1.520760380190095020e+02
1.521760880440220092e+02
1.522761380690345163e+02
1.523761880940470235e+02
1.524762381190595306e+02
1.525762881440720378e+02
1.526763381690845449e+02
1.527763881940970521e+02
1.528764382191095592e+02
1.529764882441220379e+02
1.530765382691345451e+02
1.531765882941470522e+02
1.532766383191595594e+02
1.533766883441720665e+02
1.534767383691845737e+02
1.535767883941970808e+02
1.536768384192095880e+02
1.537768884442220951e+02
1.538769384692346023e+02
1.539769884942471094e+02
1.540770385192596166e+02
1.541770885442721237e+02
1.542771385692846309e+02
1.543771885942971380e+02
1.544772386193096452e+02
1.545772886443221523e+02
1.546773386693346595e+02
1.547773886943471666e+02
1.548774387193596738e+02
1.549774887443721809e+02
1.550775387693846881e+02
1.551775887943971952e+02
1.552776388194097024e+02
1.553776888444222095e+02
1.554777388694347167e+02
1.555777888944472238e+02
1.556778389194597310e+02
1.557778889444722381e+02
1.558779389694847453e+02
1.559779889944972524e+02
1.560780390195097311e+02
1.561780890445222383e+02
1.562781390695347454e+02
1.563781890945472526e+02
1.564782391195597597e+02
1.565782891445722669e+02
1.566783391695847740e+02
1.567783891945972812e+02
1.568784392196097883e+02
1.569784892446222955e+02
1.570785392696348026e+02
1.571785892946473098e+02
1.572786393196598169e+02
1.573786893446723241e+02
1.574787393696848312e+02
1.575787893946973384e+02
1.576788394197098455e+02
1.577788894447223527e+02
1.578789394697348598e+02
1.579789894947473670e+02
1.580790395197598741e+02
1.581790895447723813e+02
1.582791395697848884e+02
1.583791895947973956e+02
1.584792396198099027e+02
1.585792896448224099e+02
1.586793396698349170e+02
1.587793896948474242e+02
1.588794397198599313e+02
1.589794897448724385e+02
1.590795397698849456e+02
1.591795897948974527e+02
1.592796398199099315e+02
1.593796898449224386e+02
1.594797398699349458e+02
1.595797898949474529e+02
1.596798399199599601e+02
1.597798899449724672e+02
1.598799399699849744e+02
1.599799899949974815e+02
1.600800400200099887e+02
1.601800900450224958e+02
1.602801400700350030e+02
1.603801900950475101e+02
1.604802401200600173e+02
1.605802901450725244e+02
1.606803401700850316e+02
1.607803901950975387e+02
1.608804402201100459e+02
1.609804902451225530e+02
1.610805402701350602e+02
1.611805902951475673e+02
1.612806403201600745e+02
1.613806903451725816e+02
1.614807403701850888e+02
1.615807903951975959e+02
1.616808404202101030e+02
1.617808904452226102e+02
1.618809404702351173e+02
1.619809904952476245e+02
1.620810405202601316e+02
1.621810905452726388e+02
1.622811405702851459e+02
1.623811905952976247e+02
1.624812406203101318e+02
1.625812906453226390e+02
1.626813406703351461e+02
1.627813906953476533e+02
1.628814407203601604e+02
1.629814907453726676e+02
1.630815407703851747e+02
1.631815907953976819e+02
1.632816408204101890e+02
1.633816908454226962e+02
1.634817408704352033e+02
1.635817908954477105e+02
1.636818409204602176e+02
1.637818909454727248e+02
1.638819409704852319e+02
1.639819909954977390e+02
1.640820410205102462e+02
1.641820910455227533e+02
1.642821410705352605e+02
1.643821910955477676e+02
1.644822411205602748e+02
1.645822911455727819e+02
1.646823411705852891e+02
1.647823911955977962e+02
1.648824412206103034e+02
1.649824912456228105e+02
1.650825412706353177e+02
1.651825912956478248e+02
1.652826413206603320e+02
1.653826913456728391e+02
1.654827413706853463e+02
1.655827913956978250e+02
1.656828414207103322e+02
1.657828914457228393e+02
1.658829414707353465e+02
1.659829914957478536e+02
1.660830415207603608e+02
1.661830915457728679e+02
1.662831415707853751e+02
1.663831915957978822e+02
1.664832416208103893e+02
1.665832916458228965e+02
1.666833416708354036e+02
1.667833916958479108e+02
1.668834417208604179e+02
1.669834917458729251e+02
1.670835417708854322e+02
1.671835917958979394e+02
1.672836418209104465e+02
1.673836918459229537e+02
1.674837418709354608e+02
1.675837918959479680e+02
1.676838419209604751e+02
1.677838919459729823e+02
1.678839419709854894e+02
1.679839919959979966e+02
1.680840420210105037e+02
1.681840920460230109e+02
1.682841420710355180e+02
1.683841920960480252e+02
1.684842421210605323e+02
1.685842921460730395e+02
1.686843421710855182e+02
1.687843921960980254e+02
1.688844422211105325e+02
1.689844922461230396e+02
1.690845422711355468e+02
1.691845922961480539e+02
1.692846423211605611e+02
1.693846923461730682e+02
1.694847423711855754e+02
1.695847923961980825e+02
1.696848424212105897e+02
1.697848924462230968e+02
1.698849424712356040e+02
1.699849924962481111e+02
1.700850425212606183e+02
1.701850925462731254e+02
1.702851425712856326e+02
1.703851925962981397e+02
1.704852426213106469e+02
1.705852926463231540e+02
1.706853426713356612e+02
1.707853926963481683e+02
1.708854427213606755e+02
1.709854927463731826e+02
1.710855427713856898e+02
1.711855927963981969e+02
1.712856428214107041e+02
1.713856928464232112e+02
1.714857428714357184e+02
1.715857928964482255e+02
1.716858429214607327e+02
1.717858929464732398e+02
1.718859429714857185e+02
1.719859929964982257e+02
1.720860430215107328e+02
1.721860930465232400e+02
1.722861430715357471e+02
1.723861930965482543e+02
1.724862431215607614e+02
1.725862931465732686e+02
1.726863431715857757e+02
1.727863931965982829e+02
1.728864432216107900e+02
1.729864932466232972e+02
1.730865432716358043e+02
1.731865932966483115e+02
1.732866433216608186e+02
1.733866933466733258e+02
1.734867433716858329e+02
1.735867933966983401e+02
1.736868434217108472e+02
1.737868934467233544e+02
1.738869434717358615e+02
1.739869934967483687e+02
1.740870435217608758e+02
1.741870935467733830e+02
1.742871435717858901e+02
1.743871935967983973e+02
1.744872436218109044e+02
1.745872936468234116e+02
1.746873436718359187e+02
1.747873936968484259e+02
1.748874437218609330e+02
1.749874937468734117e+02
1.750875437718859189e+02
1.751875937968984260e+02
1.752876438219109332e+02
1.753876938469234403e+02
1.754877438719359475e+02
1.755877938969484546e+02
1.756878439219609618e+02
1.757878939469734689e+02
1.758879439719859761e+02
1.759879939969984832e+02
1.760880440220109904e+02
1.761880940470234975e+02
1.762881440720360047e+02
1.763881940970485118e+02
1.764882441220610190e+02
1.765882941470735261e+02
1.766883441720860333e+02
1.767883941970985404e+02
1.768884442221110476e+02
1.769884942471235547e+02
1.770885442721360619e+02
1.771885942971485690e+02
1.772886443221610762e+02
1.773886943471735833e+02
1.774887443721860905e+02
1.775887943971985976e+02
1.776888444222111048e+02
1.777888944472236119e+02
1.778889444722361191e+02
1.779889944972486262e+02
1.780890445222611334e+02
1.781890945472736121e+02
1.782891445722861192e+02
1.783891945972986264e+02
1.784892446223111335e+02
1.785892946473236407e+02
1.786893446723361478e+02
1.787893946973486550e+02
1.788894447223611621e+02
1.789894947473736693e+02
1.790895447723861764e+02
1.791895947973986836e+02
1.792896448224111907e+02
1.793896948474236979e+02
1.794897448724362050e+02
1.795897948974487122e+02
1.796898449224612193e+02
1.797898949474737265e+02
1.798899449724862336e+02
1.799899949974987408e+02
1.800900450225112479e+02
1.801900950475237551e+02
1.802901450725362622e+02
1.803901950975487694e+02
1.804902451225612765e+02
1.805902951475737837e+02
1.806903451725862908e+02
1.807903951975987979e+02
1.808904452226113051e+02
1.809904952476238122e+02
1.810905452726363194e+02
1.811905952976488265e+02
1.812906453226613053e+02
1.813906953476738124e+02
1.814907453726863196e+02
1.815907953976988267e+02
1.816908454227113339e+02
1.817908954477238410e+02
1.818909454727363482e+02
1.819909954977488553e+02
1.820910455227613625e+02
1.821910955477738696e+02
1.822911455727863768e+02
1.823911955977988839e+02
1.824912456228113911e+02
1.825912956478238982e+02
1.826913456728364054e+02
1.827913956978489125e+02
1.828914457228614197e+02
1.829914957478739268e+02
1.830915457728864340e+02
1.831915957978989411e+02
1.832916458229114482e+02
1.833916958479239554e+02
1.834917458729364625e+02
1.835917958979489697e+02
1.836918459229614768e+02
1.837918959479739840e+02
1.838919459729864911e+02
1.839919959979989983e+02
1.840920460230115054e+02
1.841920960480240126e+02
1.842921460730365197e+02
1.843921960980490269e+02
1.844922461230615056e+02
1.845922961480740128e+02
1.846923461730865199e+02
1.847923961980990271e+02
1.848924462231115342e+02
1.849924962481240414e+02
1.850925462731365485e+02
1.851925962981490557e+02
1.852926463231615628e+02
1.853926963481740700e+02
1.854927463731865771e+02
1.855927963981990843e+02
1.856928464232115914e+02
1.857928964482240985e+02
1.858929464732366057e+02
1.859929964982491128e+02
1.860930465232616200e+02
1.861930965482741271e+02
1.862931465732866343e+02
1.863931965982991414e+02
1.864932466233116486e+02
1.865932966483241557e+02
1.866933466733366629e+02
1.867933966983491700e+02
1.868934467233616772e+02
1.869934967483741843e+02
1.870935467733866915e+02
1.871935967983991986e+02
1.872936468234117058e+02
1.873936968484242129e+02
1.874937468734367201e+02
1.875937968984491988e+02
1.876938469234617060e+02
1.877938969484742131e+02
1.878939469734867203e+02
1.879939969984992274e+02
1.880940470235117346e+02
1.881940970485242417e+02
1.882941470735367488e+02
1.883941970985492560e+02
1.884942471235617631e+02
1.885942971485742703e+02
1.886943471735867774e+02
1.887943971985992846e+02
1.888944472236117917e+02
1.889944972486242989e+02
1.890945472736368060e+02
1.891945972986493132e+02
1.892946473236618203e+02
1.893946973486743275e+02
1.894947473736868346e+02
1.895947973986993418e+02
1.896948474237118489e+02
1.897948974487243561e+02
1.898949474737368632e+02
1.899949974987493704e+02
1.900950475237618775e+02
1.901950975487743847e+02
1.902951475737868918e+02
1.903951975987993990e+02
1.904952476238119061e+02
1.905952976488244133e+02
1.906953476738369204e+02
1.907953976988493991e+02
1.908954477238619063e+02
1.909954977488744134e+02
1.910955477738869206e+02
1.911955977988994277e+02
1.912956478239119349e+02
1.913956978489244420e+02
1.914957478739369492e+02
1.915957978989494563e+02
1.916958479239619635e+02
1.917958979489744706e+02
1.918959479739869778e+02
1.919959979989994849e+02
1.920960480240119921e+02
1.921960980490244992e+02
1.922961480740370064e+02
1.923961980990495135e+02
1.924962481240620207e+02
1.925962981490745278e+02
1.926963481740870350e+02
1.927963981990995421e+02
1.928964482241120493e+02
1.929964982491245564e+02
1.930965482741370636e+02
1.931965982991495707e+02
1.932966483241620779e+02
1.933966983491745850e+02
1.934967483741870922e+02
1.935967983991995993e+02
1.936968484242121065e+02
1.937968984492246136e+02
1.938969484742370923e+02
1.939969984992495995e+02
1.940970485242621066e+02
1.941970985492746138e+02
1.942971485742871209e+02
1.943971985992996281e+02
1.944972486243121352e+02
1.945972986493246424e+02
1.946973486743371495e+02
1.947973986993496567e+02
1.948974487243621638e+02
1.949974987493746710e+02
1.950975487743871781e+02
1.951975987993996853e+02
1.952976488244121924e+02
1.953976988494246996e+02
1.954977488744372067e+02
1.955977988994497139e+02
1.956978489244622210e+02
1.957978989494747282e+02
1.958979489744872353e+02
1.959979989994997425e+02
1.960980490245122496e+02
1.961980990495247568e+02
1.962981490745372639e+02
1.963981990995497711e+02
1.964982491245622782e+02
1.965982991495747854e+02
1.966983491745872925e+02
1.967983991995997997e+02
1.968984492246123068e+02
1.969984992496248140e+02
1.970985492746372927e+02
1.971985992996497998e+02
1.972986493246623070e+02
1.973986993496748141e+02
1.974987493746873213e+02
1.975987993996998284e+02
1.976988494247123356e+02
1.977988994497248427e+02
1.978989494747373499e+02
1.979989994997498570e+02
1.980990495247623642e+02
1.981990995497748713e+02
1.982991495747873785e+02
1.983991995997998856e+02
1.984992496248123928e+02
1.985992996498248999e+02
1.986993496748374071e+02
1.987993996998499142e+02
1.988994497248624214e+02
1.989994997498749285e+02
1.990995497748874357e+02
1.991995997998999428e+02
1.992996498249124500e+02
1.993996998499249571e+02
1.994997498749374643e+02
1.995997998999499714e+02
1.996998499249624786e+02
1.997998999499749857e+02
1.998999499749874929e+02
2.000000000000000000e+02
