0.28113519004154075
0.35057397433490955
1.372348746563738
2.2365056098687113
1.0781357135364806
4.077853875461792
4.719491478930021
3.3298760483714496
2.079932487816856
0.21135655197897144
0.12976507506969986
4.293106603123682
5.427780246180755
3.4796228820433077
1.8765779738684583
4.034354931911426
4.2118958674195754
4.633297154778985
2.819084642049741
3.430730628691898
4.915586974510076
5.067029605343713
1.8998288837238633
1.7876010914058211
3.338986199267215
0.39845143699464797
4.346532633552538
5.443647567242488
4.422630463451943
5.104854012104075
6.123108521667738
4.208553018446272
5.564147986151108
3.1531064001941735
2.2256551548500987
3.744804644520943
1.4949241699122398
3.5185116849634985
3.3730078003929016
3.1848586046834306
4.6492150138149455
5.321884215570786
6.239424623254479
2.788760894952228
0.8209081536665657
2.0718136728001952
0.26337679075789794
2.93338157656696
2.960667170044161
3.2051911384641985
4.606329918218381
2.5268161319556217
5.123225924995252
0.827833721812743
2.4946537762052805
4.172011127210825
3.588646869638178
5.832567084502487
5.538448253062714
4.599963254587744
1.7467935041644893
1.1819515612351605
0.12174360227578682
4.633031637575517
0.18293883624957039
0.5212559212437552
3.9442410575778135
3.764106838614455
3.555652779737195
6.208737430180418
0.4702203981089087
5.31163675559114
4.732137922120255
0.32126957528828776
3.379423996774762
5.385398690830714
4.203694439855134
5.215445978821164
5.388416914358086
1.7099988760763483
4.3795255995659295
3.922095380775165
5.561893619675283
0.3487762822423037
5.3355057867452045
1.377670355784056
1.366886640081713
3.387148326192386
5.238682126508547
1.8237043623868296
4.822008655083321
5.609139990567762
2.887435460079332
3.431834029510697
6.191372037971161
5.141875468540846
0.9819925961200405
3.9861493897097446
2.5547334543825393
4.651681986950914
