-3.019411995748181976e+00
-2.688540088252214577e+00
-1.811640484299079368e-01
-2.425671084045604164e+00
1.699452225582431530e-01
-2.170319737744330180e+00
5.815557808540737783e-01
-2.024545209589212025e+00
7.666576837603961136e-01
-1.776920557387989597e+00
9.623709091146243066e-01
-1.634204932597889792e+00
1.517558915469463532e+00
-1.289110669651779784e+00
2.115102013710356665e+00
-1.046116953617634904e+00
3.141240372660740299e+00
-5.925351943838492730e-01
-2.488872419062848618e+00
-3.400112261913468270e-01
-2.209978170131947639e+00
1.595581734548445207e-01
-1.716704244222966302e+00
4.505942460222835400e-01
-1.469089520970231932e+00
1.122911668632261106e+00
-1.013637929370341695e+00
1.123811473907153191e+00
-9.820510103853601347e-01
2.057369735902017993e+00
-5.269465461808851003e-01
-3.078146250529901984e+00
-6.243014456700440168e-02
-2.231691054037105548e+00
4.286527919522934438e-01
-1.620185911779036925e+00
9.754599042425141642e-01
-1.100034507917786231e+00
1.011839463681832418e+00
-1.100699078377298079e+00
1.661809861031981583e+00
-6.044563103915012725e-01
2.479564297270370421e+00
-1.168222939676190064e-01
-2.881481204074160196e+00
3.831947441762643125e-01
-2.902948437894534717e+00
-1.021161072086737981e-01
2.521476016041515944e+00
-6.201046904384273084e-01
1.812991561515791439e+00
-1.193447635698281717e+00
1.208389677686957375e+00
-1.837668196146603483e+00
-4.204467368796288573e-01
2.176803995212969856e+00
-9.798080246391770443e-01
1.499540874491399389e+00
-1.569114464938528908e+00
8.796513679402417907e-01
-2.204658605723378351e+00
3.050772813468219380e-01
-2.917366387662621019e+00
-2.334616278367337427e-01
2.564787479893583910e+00
-7.493121326430426388e-01
1.762977771655417358e+00
-1.265341445284889899e+00
1.072959481143308524e+00
-1.823400196616809632e+00
5.010554313055890496e-01
-2.505022159984440222e+00
3.565127922228624596e-03
2.883369376785283489e+00
-4.601861471963217265e-01
7.297812520503847988e-01
-2.148410912493488922e+00
2.508001615505331405e-01
-3.068589141651076435e+00
-1.930576047405781204e-01
2.225695600729200585e+00
-6.420472569718347344e-01
1.523185799153488285e+00
-1.150374610255182617e+00
1.005905685955076789e+00
-1.837886489765361508e+00
5.614574462851747993e-01
-2.863689837274292049e+00
1.345824445881078357e-01
2.454543503124889892e+00
6.206362671049444613e-01
-1.135848161572090786e+00
2.159519136932062988e+00
4.662796639825295686e-01
-1.509293856598912908e+00
1.939517241885485355e+00
2.992445966237038402e-01
-1.993313969172484379e+00
1.757489133452615038e+00
1.048733120913133005e-01
-2.484350575062060251e+00
1.589947272876556461e+00
-1.346997704629869230e-01
-2.872744985487106995e+00
1.420344010692675907e+00
-4.363271640433535881e-01
3.121955799738542758e+00
-1.219965519456828629e+00
2.535677500993685829e+00
7.141133176099497826e-01
-1.616258668059914028e+00
2.338813507088731924e+00
4.464605115196856322e-01
-1.954001875915102548e+00
2.130929009839318322e+00
1.410452933398975706e-01
-2.232385773610464863e+00
1.895981535978444654e+00
-1.765384468159842679e-01
-2.476609596811160330e+00
1.624527771916154828e+00
-4.732604337319240018e-01
-2.715542187260622686e+00
1.322094075330806140e+00
-7.319021237449083728e-01
-2.977511778198776771e+00
1.014097533526657102e+00
-9.558930098983413615e-01
2.994666006629790100e+00
7.319650446259932108e-01
-1.160310371980828981e+00
2.625786134162281460e+00
4.920990382735215274e-01
-1.366434710835704003e+00
2.234132706152888392e+00
2.927850130373176873e-01
-1.604585400158459851e+00
1.883268919774767403e+00
1.234519969866886280e-01
-1.924028152712751183e+00
1.605217574622929799e+00
-2.867150953295479268e-02
-2.389601405350821217e+00
1.392070497779044569e+00
-1.774524327963659109e-01
-2.967438366857065191e+00
1.224073526270877732e+00
-3.410765199457611030e-01
2.831391317101510818e+00
1.083972189467929059e+00
2.203110284289611087e+00
6.949839537248924115e-01
-1.452836183519086166e+00
2.020253465944243487e+00
5.675888824401665866e-01
-2.180498191907677796e+00
1.876762135255284569e+00
4.240904419079832288e-01
-2.771145342740453543e+00
1.753352338742339311e+00
2.385821296807614234e-01
-3.105313382708846603e+00
1.637545741791200493e+00
-4.708287143718107443e-02
2.970629434781641098e+00
1.519263453330781832e+00
-5.630960519762545635e-01
2.818164329832066883e+00
1.387583519941404830e+00
-1.328050335529532111e+00
2.688953174676093294e+00
1.226859234562220458e+00
-1.900905520082190492e+00
2.566707169587692405e+00
1.009909417808035448e+00
-2.221508952382996060e+00
2.440459550613070405e+00
6.871344287437549658e-01
-2.430344154131290235e+00
2.300302833926535229e+00
1.983343724385920048e-01
-2.595241704600371957e+00
2.134887900081686496e+00
-3.907200119915930636e-01
-2.745810140099913976e+00
1.929644522375745685e+00
-8.715211323517036979e-01
-2.898002101936504538e+00
1.666964152837294488e+00
-1.205007451824276155e+00
-3.062765245250715918e+00
1.333838221394961332e+00
-1.455214874629530586e+00
3.034297899545310262e+00
9.426450868170507258e-01
-1.669938196639643158e+00
2.820115280060501384e+00
5.414702030087212847e-01
-1.875654718461478465e+00
2.575253862743367428e+00
1.758668105208457400e-01
-2.087008483631264788e+00
2.303985625811079352e+00
-1.461141164874502074e-01
-2.311038722107101151e+00
2.017488721504337335e+00
-4.402958186562964671e-01
-2.548113275859935634e+00
1.728053723416118626e+00
-7.245444363186072101e-01
-2.792757943112416097e+00
1.441170311147582650e+00
-1.009020290662495434e+00
-3.036723605063245568e+00
2.352944078140117856e+00
6.360957231050522014e-03
-2.233174822008687332e+00
2.103830379852312138e+00
-3.202889400527088593e-01
-2.471226471646005951e+00
1.847038498069540013e+00
-6.465914218759767351e-01
-2.693738387235881326e+00
1.567217681276023233e+00
-9.534296743077050884e-01
-2.904460733298442232e+00
1.247688966840714508e+00
-1.226456715993920144e+00
-3.112362913458646130e+00
8.834370794158177276e-01
-1.463438639502657956e+00
2.952036845479863558e+00
4.996783504782451590e-01
-1.671506078635294434e+00
2.703462736514237186e+00
1.439282755801714331e-01
-1.862142379065822695e+00
2.402209926029641451e+00
-1.539538713587784990e-01
-2.048938677996460012e+00
2.034008402644985836e+00
-3.954555093956737544e-01
-2.248259771101310811e+00
1.624581181851496803e+00
-5.965971226362092317e-01
-2.481700073046705146e+00
1.242093262127707431e+00
-7.750868291332113635e-01
-2.777297346835334135e+00
9.323306483429540936e-01
-9.477568549048089874e-01
3.126438644534556222e+00
6.922454883982469553e-01
-1.132890146106931173e+00
2.692058150543471751e+00
4.999103592670556817e-01
-1.354899585938315942e+00
2.292029625561964767e+00
3.341789359186198571e-01
-1.649347331042936293e+00
1.981311601225268282e+00
1.771659757147823200e-01
-2.052573904749543043e+00
1.749946909440792453e+00
1.081195653653928626e-02
-2.534951792931582570e+00
1.569958717283787220e+00
-1.892020914703096968e-01
-2.969285803282042835e+00
1.418217940645021047e+00
-4.630466409163764840e-01
2.996498370197279826e+00
1.277210087302120600e+00
-8.700416753547657311e-01
2.771630095456215415e+00
1.130797884871107550e+00
-1.412445421973874016e+00
2.601516279851360913e+00
9.583568249409600837e-01
-1.915553676593404475e+00
2.460031222191250588e+00
7.248551117802094490e-01
-2.262459608889395124e+00
2.329592549131431323e+00
3.660003911695983714e-01
-2.493650888161076828e+00
2.195516638124732633e+00
-1.785528671518657740e-01
-2.662738025848615298e+00
2.040607768800544175e+00
-7.633245491546083450e-01
-2.801676722830385380e+00
1.837520781144101445e+00
-1.173934874096588477e+00
-2.929673511014937670e+00
1.536184953992067781e+00
-1.434136483342245860e+00
-3.061362010768945208e+00
1.067720519095858300e+00
-4.839632433376859777e-01
-2.336831682542848121e+00
2.179699286830666161e+00
-7.813029132033347812e-01
-2.470215891554822463e+00
1.767077201973164202e+00
-9.837714662932460774e-01
-2.621633952219466934e+00
1.223574713925384527e+00
-1.142098480489519119e+00
-2.811904459014296531e+00
7.299274955991604807e-01
-1.283803927306439219e+00
-3.073002896090388347e+00
3.882271040792375505e-01
-1.426902883321659044e+00
2.838893865209294987e+00
1.535049972528557127e-01
-1.587803672368223618e+00
2.364671998224852523e+00
-2.674516876267377802e-02
-1.786715106966290101e+00
1.905058615109519904e+00
-1.843786199746876575e-01
-2.051391380294837585e+00
1.554966856626301075e+00
-3.400085120892439305e-01
-2.410018907646104491e+00
1.301461280220323591e+00
-5.111569945461480469e-01
-2.848740375695551386e+00
1.104130877862742999e+00
-7.177167142433564795e-01
3.006336236385075189e+00
9.329731483677579096e-01
-9.850632334720751393e-01
2.663666632686136904e+00
7.674933622426153290e-01
-1.337252179092304427e+00
2.403511419352687639e+00
5.909737424503094250e-01
-1.762659704086191548e+00
2.195337643628268776e+00
3.860551609391220662e-01
-2.185949538740118658e+00
2.013249961334319771e+00
1.321420522998109359e-01
-2.538382258683177461e+00
1.838915607191131896e+00
-1.914907416805945450e-01
-2.815818760000906362e+00
1.658331986729864926e+00
-5.865515974727607551e-01
-3.043426842089310913e+00
1.459162211817862209e+00
-1.008957990682603167e+00
3.038335317020510740e+00
1.229521553737572548e+00
1.446609010278797347e-01
-2.435422136462080278e+00
2.049803631637364454e+00
-2.492140123783290195e-01
-2.659178205312677790e+00
1.832865473193454164e+00
-6.452114677066691506e-01
-2.869903299967496935e+00
1.592148928594717461e+00
-1.009228746115854669e+00
-3.077273507312306311e+00
1.325970956299503012e+00
-1.334518123458601435e+00
2.997527441233814649e+00
1.034503511142701226e+00
-1.629607657785513419e+00
2.787822652590802086e+00
7.167405771891338651e-01
-1.903087682678279435e+00
2.578896429647908661e+00
3.673361633926379155e-01
-2.158196139710044203e+00
2.372937401908856714e+00
-2.076763459965392383e-02
-2.393823682775151340e+00
2.169645106764412024e+00
-4.412544619231880683e-01
-2.607728181844246595e+00
1.963665883082994057e+00
-8.580934950164901265e-01
-2.799179569865371864e+00
1.741005245624206887e+00
-1.224295339761638957e+00
-2.969911881655382224e+00
1.471010413055006572e+00
-1.519327227404303038e+00
-3.123894574187626727e+00
1.089518489718788175e+00
-1.750309422250052371e+00
3.016157556488048286e+00
5.125879064000107288e-01
-1.933187763135759907e+00
2.875434139156245017e+00
-1.395620146359531355e-01
-2.082450731843981107e+00
2.723178664254809700e+00
-5.993215048423222724e-01
-2.209223389636000068e+00
2.529830142734038834e+00
-8.798067779049699721e-01
-2.322152552983522522e+00
2.211830370509191734e+00
-1.065819000782781689e+00
-2.428882019109973367e+00
1.516616156607524468e+00
-1.203604834061029694e+00
-2.538018974696715002e+00
5.641033401181385631e-01
-1.315778797020334512e+00
-2.662939739557752983e+00
8.805467284620872859e-02
-1.414871650236081857e+00
-2.832771096478500894e+00
-1.410483105586312347e-01
-1.509485980497192292e+00
-3.135822965415227426e+00
-2.858416689137486255e-01
-1.607575842021085055e+00
2.409375404442701818e+00
-3.970652570940321757e-01
-2.510928569884611217e-01
-1.576744565214209359e+00
1.769504012862481268e+00
-3.512718219922845719e-01
-1.713534349060865214e+00
1.190472262370062984e+00
-4.477165114893834064e-01
-1.911119856713012544e+00
9.349754996451432598e-01
-5.498130581053964905e-01
-2.247795441109003534e+00
7.783745982678742514e-01
-6.677677171489936336e-01
-2.859417931226214460e+00
6.552282594779882396e-01
-8.163458832345870109e-01
2.704483924154584162e+00
5.405281440119930059e-01
-1.020285106163508537e+00
2.254895460152235298e+00
4.196692992516988796e-01
-1.319872454952380592e+00
1.996077206518041436e+00
2.793582950053966618e-01
-1.751573890770080189e+00
1.815317318191261409e+00
1.030645462021039238e-01
-2.253098144117347434e+00
1.661720754764429708e+00
-1.315037693257537776e-01
-2.673111982411896292e+00
1.508560011870670348e+00
-4.468006192636458374e-01
-2.971148322787283913e+00
1.335139234877728009e+00
-8.356425353163929870e-01
3.092967089922409762e+00
1.118836777440830543e+00
-1.230459521308709725e+00
2.911303345237890916e+00
8.338501743105896091e-01
-1.559776970413042640e+00
2.737846411949647951e+00
4.675954617703523275e-01
-1.812175180515969153e+00
2.547326678732256600e+00
6.022946451829720715e-02
-2.010157423706957047e+00
2.309413686236641450e+00
-3.066083989928315434e-01
-2.178229949998887083e+00
1.983278358241542527e+00
-5.931336207071271627e-01
-2.336406354289209730e+00
1.540708156446728427e+00
-8.116347622416262286e-01
-2.503506390563932538e+00
1.048892617443059283e+00
-9.866689511306476756e-01
-2.703590544369916415e+00
6.397042179894760761e-01
-1.138166370944341255e+00
-2.976486091452142269e+00
3.452215272164904092e-01
-1.280907449250968666e+00
2.896168823290916183e+00
1.288520929225070444e-01
-1.427428715522573999e+00
2.323121503197054238e+00
-4.420861264328561357e-02
-1.591370227773203139e+00
1.765354734525649283e+00
-1.959127949240442312e-01
-1.791925182807202477e+00
1.372162303596988764e+00
-3.400535215911028031e-01
-2.060921624479199021e+00
1.102369200145451700e+00
-4.863573474576304290e-01
-2.448587202550879471e+00
8.956639953875815685e-01
-6.428800247464946382e-01
-2.984345135255492831e+00
7.181626848102733440e-01
-8.174813503332738485e-01
2.729089938643503022e+00
5.522508108388562986e-01
-1.018987962488073551e+00
2.278213044678176313e+00
3.884609421171396071e-01
-1.258495364076458234e+00
1.945998146091093117e+00
2.217962053678695644e-01
-1.551071961733090809e+00
1.682469627114810740e+00
5.008169089482499697e-02
-1.916575503471514175e+00
1.455213701875061272e+00
-1.270820342923749957e-01
-2.370999514451075818e+00
1.248796696332221012e+00
-3.095264131913830208e-01
-2.891636361794239996e+00
1.057072548800732648e+00
-4.983003644649223185e-01
2.888537856855765806e+00
8.782204044217266636e-01
-6.984567500870739742e-01
2.474116876080611593e+00
7.117903512348547901e-01
-9.242173211733238913e-01
2.154276294304803052e+00
5.570012032615974107e-01
-1.211168474873262291e+00
1.906520637852317401e+00
4.118389537374431697e-01
-1.643900054915441222e+00
1.709205941976926546e+00
2.724400212539470068e-01
-2.325491927393903424e+00
1.546869091215195224e+00
1.319951767703474999e-01
-3.015487858766717988e+00
1.408725971273066868e+00
-2.239760620174230041e-02
2.843145001834765928e+00
1.286763787064303166e+00
-2.199973910670486588e-01
2.590674706238536462e+00
1.174272028096942311e+00
-5.451277124230763382e-01
2.419142924786888749e+00
1.064494679063994642e+00
-1.247311993804734120e+00
2.287802076566809006e+00
9.487210099134323338e-01
-2.188673059434719903e+00
2.177393511792267589e+00
8.121525464894296942e-01
-2.662265476345764270e+00
2.076883434457934996e+00
6.218724288024639613e-01
-2.893599723034597559e+00
1.978024153691253950e+00
2.845134572570001685e-01
-3.041271774687298812e+00
1.872254564792925624e+00
-4.358649158498562048e-01
3.127594732760646146e+00
1.747300794033905147e+00
-1.295079114147231758e+00
3.026210791471277251e+00
1.580475210711692391e+00
-1.727613398432700453e+00
2.926038219564842890e+00
1.322032198213658916e+00
-1.949382854092017947e+00
2.816954234032018611e+00
8.670999760880583329e-01
-2.096867933161598696e+00
2.686139774295813520e+00
1.817760170138213727e-01
-2.216905567855924186e+00
2.512635723040403057e+00
-3.856911932920698005e-01
-2.330602354336159809e+00
2.258416071180300300e+00
-7.135516731683999581e-01
-2.452422200824553311e+00
1.865950817544244522e+00
-9.183248226047262541e-01
-7.254412507300109780e-01
-2.429571018455333409e+00
1.562199999277706475e+00
-8.881748276147375387e-01
-2.614655118557430047e+00
1.061860889601949243e+00
-1.027028797068481492e+00
-2.876483024950216461e+00
7.022493178373093725e-01
-1.164399216675431559e+00
3.027038716314833344e+00
4.600703018466891225e-01
-1.319685963752316837e+00
2.547131451267547586e+00
2.819545772511966586e-01
-1.518036476703102267e+00
2.100880357076036820e+00
1.331483506581733756e-01
-1.798670796394874483e+00
1.774767186362463889e+00
-8.638215458502662356e-03
-2.207850676589985017e+00
1.545581826247766299e+00
-1.624293112122588978e-01
-2.716919892058572650e+00
1.371870935560441485e+00
-3.520811807044028074e-01
3.112821059170277405e+00
1.225176966097311304e+00
-6.163835741582485150e-01
2.791510944162930219e+00
1.086575586404436411e+00
-1.013912852578829682e+00
2.566379636139554332e+00
9.403232230630474975e-01
-1.554532766761566931e+00
2.393684406058434355e+00
7.681824242646437817e-01
-2.071534630286115952e+00
2.245809804903312390e+00
5.424651816254015824e-01
-2.437572332577212730e+00
2.105280356450544232e+00
-2.863655616889888567e+00
-2.688401048184287045e+00
-5.156920120325574342e-01
-2.490376000172779825e-01
1.628771679177771547e+00
1.792286195138063309e+00
3.081856953045738923e+00
-3.041597184613319182e+00
-1.476927838618888655e+00
-1.247377010612576553e+00
1.132593946538172691e+00
1.325735839077214040e+00
2.771490592196851566e+00
2.927790146638142410e+00
-1.995452138662191510e+00
-1.812167252238879644e+00
2.953516574818560447e-01
5.459857464247303005e-01
2.390363799487663421e+00
2.553373842972114005e+00
-2.368097228776348651e+00
-2.202129797477877293e+00
-5.332965695322153810e-01
-2.982033293482552194e-01
1.856290434409363810e+00
2.043825523747003992e+00
-2.745806304514055274e+00
-2.585215920801031242e+00
-1.094548139821875044e+00
-8.965072284249588908e-01
1.162713791362033344e+00
1.386403809962461375e+00
3.100435979416530152e+00
-3.017756398492252856e+00
-1.560147935417939280e+00
-1.383798165745746100e+00
4.495529127586546103e-01
6.830171172140406810e-01
2.601606199759845861e+00
2.781967848057292247e+00
-2.011974408655998747e+00
-1.845688386101223433e+00
-1.677858588006347684e+00
9.612118131426081180e-03
2.274509657131981721e-01
2.252603196307363387e+00
2.451724799826919821e+00
-2.283108886739179333e+00
-2.116956009868099287e+00
-5.967768304436367188e-01
-4.081501842263068891e-01
1.617288544820345342e+00
1.843095535040749411e+00
-2.697442491184839142e+00
-2.523143236476812046e+00
-1.086725799573384110e+00
-9.159744302410844918e-01
8.401185239726063347e-01
1.062521669376430555e+00
3.128724894204474527e+00
-2.959788122820109280e+00
-1.472285942323858565e+00
-1.304566852200757854e+00
1.721309864937815293e-01
3.581299207434016640e-01
2.455598282173862223e+00
2.685017321256123690e+00
-1.823941841910926565e+00
-1.647654281471550908e+00
-2.645765851984931971e-01
-9.587459322542755957e-02
1.561547090612126931e+00
-4.301506828149360140e-01
1.026799017440688910e+00
1.212934643792331624e+00
-2.864530324785683479e+00
-2.631971035715765517e+00
-9.025744209603605572e-01
-7.287006103895795617e-01
6.026403645532129039e-01
7.682287007687489400e-01
2.416810014585364819e+00
2.635090623972399460e+00
-1.302582664945173052e+00
-1.100810664412600781e+00
3.218568509253663112e-01
4.852201176687055972e-01
1.797052305273338257e+00
1.965907210870665001e+00
-2.179735071009609282e+00
-1.909704915719741436e+00
5.543587393421040704e-02
2.289088399477776647e-01
1.481973440301134426e+00
1.638431695048754078e+00
3.050170204904168791e+00
-3.038511032459666694e+00
-3.846052397110133469e-01
-1.655980775928444226e-01
1.255441838483980055e+00
1.412189117112934156e+00
2.607825328316461633e+00
2.764512359635875605e+00
-1.610234177834213964e+00
-1.304308143364746542e+00
1.005864490767596431e+00
1.174634792328478339e+00
2.367100058834286092e+00
2.516692556556241911e+00
-2.506751106401383211e+00
-2.328468135342576684e+00
4.850889391514268123e-01
7.211076156902473944e-01
2.161617178816038543e+00
2.312458403413290675e+00
-2.828522999453722875e+00
-2.675964009781587549e+00
-9.844041170163295718e-01
-6.834770619511505441e-01
1.887585134437674839e+00
2.051983312446553853e+00
-3.042744766750495433e+00
-2.895217552144655482e+00
-1.669157994901569575e+00
-1.490658713684242409e+00
1.223219510116424491e+00
1.472212340139424924e+00
3.012415187933549898e+00
-3.121330474658959186e+00
-1.951732342611751214e+00
-1.794818893312681407e+00
-1.481901173291393092e-01
1.308065872675648611e-01
2.650669998212223710e+00
2.817404136671050274e+00
-2.189690120614036672e+00
-2.037727235119516145e+00
-7.307202244959716264e-01
-5.389928768540671600e-01
1.852506346205785137e+00
2.093437414982343814e+00
-2.494094983235502383e+00
-2.339021425517048058e+00
-1.044527127428717117e+00
-8.743453755342707190e-01
8.333172162825370766e-01
1.081938304846870924e+00
-2.996748850335499537e+00
-2.821830291925033762e+00
-1.361312500915516255e+00
-1.196573405148290359e+00
2.907541148660725550e-01
4.971918344181213700e-01
2.513953891276412111e+00
2.724170426167597636e+00
-1.799196729934211758e+00
-1.630977565645876926e+00
-1.028234929054944458e-01
8.806894829493390475e-02
1.828039943728065442e+00
2.040454059978545232e+00
-2.412826905175125436e+00
-2.234357190221985423e+00
-5.562168115986767525e-01
-3.687769663677647469e-01
1.340472539060124424e+00
1.546485321744928809e+00
-3.035466706234206669e+00
-2.852203252819865309e+00
-1.153481965473909021e+00
-9.682154969231110409e-01
8.643185739733217909e-01
1.073680138757981073e+00
2.760541492309542821e+00
2.944504929147902850e+00
-1.773052828924356339e+00
-1.596476224011006417e+00
2.471978988712132397e-01
4.638386766243391968e-01
2.326444570476864815e+00
2.516886298554529944e+00
-2.263935634139288666e+00
-2.094774588252725778e+00
-4.631410376096101178e-01
-2.599695267198185999e-01
1.806545674010067382e+00
2.016455289190346445e+00
-2.672096116556568646e+00
-2.504437522451291365e+00
-1.039978868670201617e+00
-8.595613089547975427e-01
1.101094145074519526e+00
1.335967626303732780e+00
-3.097542372791799892e+00
-2.923654304506114965e+00
-1.487688191100383639e+00
-1.320513280258125421e+00
3.672439426202458446e-01
5.929416887281359072e-01
2.660612387163461712e+00
2.853298468828355805e+00
-1.909773383043545492e+00
-1.748592371723627803e+00
-2.192253146641099659e-01
-1.981525672540481245e-02
2.028814554784723168e+00
2.250523894013926274e+00
-2.365978169801874476e+00
-2.204334107930284059e+00
-7.331512773039698949e-01
-5.560025699716532044e-01
1.373329751290422784e+00
1.616443637460526217e+00
1.856519780013635046e+00
-2.676234434327459777e+00
-2.510208120110980268e+00
-1.079841317353725128e+00
-9.179698459989554804e-01
9.379261779685034162e-01
1.189636241687917373e+00
-3.121607160061178998e+00
-2.940186796351521359e+00
-1.555993470416276558e+00
-1.405745157528483835e+00
1.724508285390681517e-01
3.866215473894836774e-01
2.714465711815098992e+00
2.927683485896176663e+00
-1.937656462133252600e+00
-1.788145639849752389e+00
-4.780897919836215038e-01
-3.178071637391828297e-01
2.042918791750708341e+00
2.336798533750591211e+00
-2.242347415169010372e+00
-2.085863601194243078e+00
-8.983420665206705014e-01
-7.565554300419172762e-01
8.451027581444257031e-01
1.112081786068942479e+00
-2.539528854322058216e+00
-2.363228209967343396e+00
-1.176797102983317078e+00
-1.037373004735604898e+00
1.390955813335698066e-01
2.951655361920890730e-01
-3.076655801372942367e+00
-2.806007937330295743e+00
-1.396613942667838337e+00
-1.254090402474012045e+00
-1.788378244547765006e-01
-4.023868988932748775e-02
1.520686005789320339e+00
1.850653412670528075e+00
-1.630805017322078942e+00
-1.477122743598453747e+00
-3.894777778290089421e-01
-2.531312167993523543e-01
8.661368977578072226e-01
1.027377140471377404e+00
-2.110476418042620317e+00
-1.883588903949652948e+00
-5.838937421242842429e-01
-4.459664232889442581e-01
6.152631273339639328e-01
7.592050595739928687e-01
2.391816914074853528e+00
2.759911592610925890e+00
-8.418326033109105877e-01
-6.945077659447624896e-01
4.181957111737226729e-01
5.588274105477162301e-01
1.749543685098913448e+00
1.934678191229561861e+00
-1.430993240493907415e+00
-1.215477668357413776e+00
1.889142578409468698e-01
3.307171094348593243e-01
1.486697968300614292e+00
1.646997140301907248e+00
-2.820565657259398673e+00
-2.503672670846999182e+00
-1.771534485440248163e-01
-2.315202128663133158e-02
1.240850509145799752e+00
1.394855059485677007e+00
2.796579778180497744e+00
3.013712996504863018e+00
-8.945506042663793345e-01
-6.895468134219379097e-01
9.065012031194303876e-01
1.061312862014308411e+00
2.445808380038839047e+00
2.634207395149711584e+00
-1.788334794852093124e+00
-1.552330374855728001e+00
3.765436112462077767e-01
5.421875582306217023e-01
2.077293225736162263e+00
2.257457243739199981e+00
-2.349270664056747560e+00
-2.129557362277497479e+00
-3.046149922093294160e-01
-1.235523381814955385e-01
1.556218048017068867e+00
1.733168159905155825e+00
-2.789168274413369009e+00
-2.573458790939885610e+00
-8.575038706162787516e-01
-6.712730575276929512e-01
9.121218551867026347e-01
1.081576541892304677e+00
2.933065498153278217e+00
-3.128356273154095479e+00
-1.273333398546425688e+00
-1.080462538998602895e+00
3.832379179455618345e-01
5.457400841077071352e-01
2.172341387061909490e+00
2.375147288628340903e+00
-1.722730372607887528e+00
-1.506876039613884055e+00
4.975375244845584542e-03
1.668086832695211963e-01
1.540671415454580417e+00
1.709426138014300767e+00
-2.464863552014131987e+00
-2.200831451292867946e+00
-3.323130493354530257e-01
-1.633416271319364788e-01
1.135031665900706921e+00
1.290222912172711567e+00
2.869701153056387177e+00
3.097997332777495227e+00
-7.707867413688869185e-01
-5.750318376638429152e-01
8.177715949580388610e-01
9.701220988935266298e-01
2.290828761652667023e+00
2.467148209508676526e+00
-1.561542755084684764e+00
-1.294973442137998587e+00
4.818001140764783807e-01
6.390350805311164617e-01
1.919792519916319495e+00
2.078202568369527548e+00
-2.532584399617575865e+00
-2.277973469656788819e+00
1.983381177451027516e-02
1.986850674412900808e-01
1.581528970629379138e+00
1.733929641848692249e+00
-3.131324219154372202e+00
-2.932434562890076535e+00
-6.791006780991586389e-01
-4.490872039287084894e-01
1.192956257587505231e+00
1.347010978580263529e+00
2.716963146754688641e+00
