2.268336225502910752e-01
6.738939657602944777e-01
3.775147439687351336e-01
7.109479338296240680e-01
3.232628258139645938e-01
7.410048476584104593e-01
2.733286082750892576e-01
7.528716341165416770e-01
2.581546404822836482e-01
7.716832203713192007e-01
2.445556810639449019e-01
7.784989798079412493e-01
2.183676098831654477e-01
7.810262616482810394e-01
2.213142437337077550e-01
7.709799488821132973e-01
3.302922821066224257e-01
7.070763221876980031e-01
4.811205615396967894e-01
6.672183886632150340e-01
5.387093738325723358e-01
5.429080228466069968e-01
6.600978497584555349e-01
4.839260883968433680e-01
6.952226240494826515e-01
3.385152867466634241e-01
7.529499068410974161e-01
3.658062250061742127e-01
7.374380715249291285e-01
2.598076631922718871e-01
7.509549918153252124e-01
2.742405013250228119e-01
7.144143990979596737e-01
3.857474123311585568e-01
6.343737889439164945e-01
5.101187861449202332e-01
5.243817146500419080e-01
6.093089676538814281e-01
5.349955899721821062e-01
5.890826506376847238e-01
4.249735168347986147e-01
6.496631197597659835e-01
3.469279777813155108e-01
6.657800393586434939e-01
3.446540745123631844e-01
6.385749150632608062e-01
3.572162319268815667e-01
6.366175979822509268e-01
3.894780071441563685e-01
5.930503599056058395e-01
4.614553829960824638e-01
5.281759277195315905e-01
5.284929556579772703e-01
4.639533815987916254e-01
5.943392290326625638e-01
4.297680287576340352e-01
5.597459596306595397e-01
4.804176681820334083e-01
5.116522927239166574e-01
5.343629396255707986e-01
4.557168896932377589e-01
5.819463067495784792e-01
4.046068576166514386e-01
6.116367684519722348e-01
3.852088097886324225e-01
6.103472607024923446e-01
4.223749967926274107e-01
5.685434683474158701e-01
5.044299465728917520e-01
4.875350738105580506e-01
5.930127608226319902e-01
3.902347210057555693e-01
6.521717134539887217e-01
3.373807876703507347e-01
6.579846501600858932e-01
5.947185309510715223e-01
3.931177305008301537e-01
6.687778901734227066e-01
3.168410620117345644e-01
6.805516636239660189e-01
3.698737225109757776e-01
6.216235726247774096e-01
5.030910278869022978e-01
5.027037336386540600e-01
6.265081083527038741e-01
3.633152056858696133e-01
6.939224930399012781e-01
3.005751585661430303e-01
6.864918796854518890e-01
3.895744626502425922e-01
6.982393974462161035e-01
4.279858678210066159e-01
4.721597297873327270e-01
6.865602268868382652e-01
3.559509599914736366e-01
5.488644234244267617e-01
6.480690730521686538e-01
3.219818484231464772e-01
6.063993474439108855e-01
5.891740668369396250e-01
3.405489183968350986e-01
6.381255940314085606e-01
5.209596502433280207e-01
3.943075154923884051e-01
6.426709703318309597e-01
4.588999874591981887e-01
4.549811873060684575e-01
3.884819463944368945e-01
5.408099409304361060e-01
5.752148717099845321e-01
3.974694531012235021e-01
5.606377680043072020e-01
5.323523247583407114e-01
4.266893183923299304e-01
5.586313845776320619e-01
5.040991395017182519e-01
4.562220937234247597e-01
5.422945389099144142e-01
4.977832078237924840e-01
4.720635202792306528e-01
5.239523292262169285e-01
5.094401303480780019e-01
4.686000537532269417e-01
5.175631700550322734e-01
5.262555758114131343e-01
4.485175101908513429e-01
5.321611632568949979e-01
5.338917654639820931e-01
4.230392873261694664e-01
5.659497979938460377e-01
5.217318159203151451e-01
4.108948042410450752e-01
6.075293239368664278e-01
4.849424533551015548e-01
4.303080771891107381e-01
6.423068689389715979e-01
4.256297819650225467e-01
4.847771072953009908e-01
6.575795755284052913e-01
3.554706985439612943e-01
5.607581133273006335e-01
6.446569233541936672e-01
3.017522346432250924e-01
6.391507632010821061e-01
5.994704092586888855e-01
3.049509250462044685e-01
7.034532142409342104e-01
5.228780057558609640e-01
3.756399277556108363e-01
7.416867464918264208e-01
5.524013059007948367e-01
7.173999931534067453e-01
2.602755312218774653e-01
6.500541021248514850e-01
6.647608942200863291e-01
2.433161888789518168e-01
7.251620960222371348e-01
5.789012650510493296e-01
3.219341013318245404e-01
7.682781317185768399e-01
4.677001259808324374e-01
4.403358929810042843e-01
7.744614714726874016e-01
3.465666291675666422e-01
5.572217607418065155e-01
7.428817723000895601e-01
2.489489036244029729e-01
6.533971878660995714e-01
6.767014637892473372e-01
2.374214741458948730e-01
7.189504401004421785e-01
5.831517206604986958e-01
3.188528738850280320e-01
7.492220917273118008e-01
4.741863638105232592e-01
4.285866055683545395e-01
7.437649386406839369e-01
3.688603689857566925e-01
5.294175362141776420e-01
7.059997456067432786e-01
2.978021324658054469e-01
6.065624745050103295e-01
6.430029127246255083e-01
2.931461869306143386e-01
6.542902478531067434e-01
5.653234969447332725e-01
3.461293593723152595e-01
6.721107737693140516e-01
4.867246520248426078e-01
4.181849547785964627e-01
6.635514929776195059e-01
4.230413392961742125e-01
4.835194190312048224e-01
6.353627965274339928e-01
3.877242710848882723e-01
5.315289986563129787e-01
5.964825925716042976e-01
3.835347060672003594e-01
5.601896102952350631e-01
5.563763359941127362e-01
4.001019881895953589e-01
5.725242946976589753e-01
5.226100573370565661e-01
4.232744023544827150e-01
5.743874981255719936e-01
4.983615416948300458e-01
4.440344417649761954e-01
5.722114337563026787e-01
4.816662882852945637e-01
4.603183590745674181e-01
5.705494791929355269e-01
4.675542795124087991e-01
4.750690082735356534e-01
5.702521455990298138e-01
5.324349190693472567e-01
4.284742271534263680e-01
5.577711944316920967e-01
5.141191468485342142e-01
4.338149110039664080e-01
5.744274344161701684e-01
4.877290015226180553e-01
4.511610123661335403e-01
5.856735644778766625e-01
4.549657591775506105e-01
4.819096540066722389e-01
5.853941722462838726e-01
4.232055832993467104e-01
5.212449575456816753e-01
5.691138036186025317e-01
4.047965810579848833e-01
5.601502767597666965e-01
5.358253717762375690e-01
4.114688892567441858e-01
5.888489737992546047e-01
4.895045156450936186e-01
4.450754940119039382e-01
5.993838711556633836e-01
4.405430331751767903e-01
4.952693763216898803e-01
5.871339329126247231e-01
4.059850070455113813e-01
5.466805077081238196e-01
5.518687304766546342e-01
4.036373472986968247e-01
5.855273655687901480e-01
4.989181357419354979e-01
4.379971191503919115e-01
6.020324254814956033e-01
4.408654841106743327e-01
4.952719384046991857e-01
5.909937307691585096e-01
3.987089656914606373e-01
5.552421380704802845e-01
5.522064939156962060e-01
3.955215549299315181e-01
6.010854074705644923e-01
4.914250879532747751e-01
4.371602505819864870e-01
6.215437625560908952e-01
4.225196906205195835e-01
5.056733706802146733e-01
6.106753635554451609e-01
3.704850434175787077e-01
5.768384345853463380e-01
5.677381900805976711e-01
3.659183720452117705e-01
6.319774090805978517e-01
4.978016762929217687e-01
4.170937543683969073e-01
6.591018160091666189e-01
4.138884005291125212e-01
4.998473963339384318e-01
6.518768977896346462e-01
3.420464705048550380e-01
5.850805223418293899e-01
6.091042270075887055e-01
3.222205142942682898e-01
6.526016139759490686e-01
5.349287716983668339e-01
3.732744018330957370e-01
6.901513937768819495e-01
4.402588002534512102e-01
4.656273377379196443e-01
6.913714951079620308e-01
3.473065742208729656e-01
5.628305833932428781e-01
6.549738923719012895e-01
2.970853296321051551e-01
6.422413072558813552e-01
5.847020865209546781e-01
3.270700612553446573e-01
6.911254186577929781e-01
4.901526970805263894e-01
4.150540359901929710e-01
7.031252405507144587e-01
3.896560972332953621e-01
5.158823537376505675e-01
6.770286482993710386e-01
3.167053277130491007e-01
3.833831043016528439e-01
6.938042873036218694e-01
4.257604390008867257e-01
4.804787195876780714e-01
6.768057580349516877e-01
3.461682793484522902e-01
5.682066370607037342e-01
6.254122204780393490e-01
3.241918567403516138e-01
6.297988037173081199e-01
5.483577616044528202e-01
3.711626368433620926e-01
6.573574179349033209e-01
4.611431780607712638e-01
4.525899740077973799e-01
6.489424833439920715e-01
3.885143435193354478e-01
5.330012602152679468e-01
6.077991782182113889e-01
3.613669144759234508e-01
5.924868036275855454e-01
5.425303507915780754e-01
3.920650044376646215e-01
6.215740325258304333e-01
4.680964539458340457e-01
4.578851185720365646e-01
6.175092181024680604e-01
4.070216825819951145e-01
5.280730766969403689e-01
5.829351274968989083e-01
3.849545876408357881e-01
5.824471498069935249e-01
5.257124468002872808e-01
4.116287178320033879e-01
6.106764731511163946e-01
4.594970521266391050e-01
4.697857221908905423e-01
6.092568025503657392e-01
4.043118131955272254e-01
5.340564836434806839e-01
5.799485308381834292e-01
3.824860394605760772e-01
5.863088488347525384e-01
5.291629264700666857e-01
4.035950161535269975e-01
6.167814722280320350e-01
4.678741428218854415e-01
4.548088051128908460e-01
6.219680576581834153e-01
4.115538023625034403e-01
5.148163492599996394e-01
6.030682605826774845e-01
3.779010168387959001e-01
5.675893093861547056e-01
5.649644323120089906e-01
3.783128938064306279e-01
6.044986087595106694e-01
5.153365939858639555e-01
3.958524072252633252e-01
5.322764070765374500e-01
5.940281454763093327e-01
3.764234781870488544e-01
5.737492084714055363e-01
5.578553607437478634e-01
3.826018806132128192e-01
6.019120226976619747e-01
5.163837768827510555e-01
4.074254049758682106e-01
6.174637594842756760e-01
4.747355297648110373e-01
4.417259630810501103e-01
6.228195284529031150e-01
4.359943744921923603e-01
4.796774117274333893e-01
6.202948573704063495e-01
4.014786746939184026e-01
5.194009715461047616e-01
6.106450785644411683e-01
3.727004472252909983e-01
5.608952403879657878e-01
5.924344865268250659e-01
3.542512738654491899e-01
6.035455549312930268e-01
5.625137655095514555e-01
3.550158862277426053e-01
6.444920747440723297e-01
5.174362541350799871e-01
3.839168631400451948e-01
6.783936672187793615e-01
4.554602977782953310e-01
4.420126516039569742e-01
6.983415021177998838e-01
3.792989560843567087e-01
5.207467292411827042e-01
6.972703274700652321e-01
3.014483605532298771e-01
6.070466434182394400e-01
6.693396263270275925e-01
2.549720992557725774e-01
6.876304750941504285e-01
6.110734416485829046e-01
2.841847549266944273e-01
7.506986421802624987e-01
5.223292332781720448e-01
3.810760663779417246e-01
7.865977834758591802e-01
4.076189021028034931e-01
5.041153683231682781e-01
7.883110817067661147e-01
2.804100390873290882e-01
6.251883671107938412e-01
7.519122995014559940e-01
1.854245766291800768e-01
7.273628415189918872e-01
6.769520864439594332e-01
2.221626299524329384e-01
7.991727357960997091e-01
5.668269803098456849e-01
3.547860412800553087e-01
8.329346313691882164e-01
4.295946358240913532e-01
5.006722269515623269e-01
8.245370664474751532e-01
2.819769013369041732e-01
6.303493468027719926e-01
7.735932173297350722e-01
1.749077354211094060e-01
7.298540369232392466e-01
7.011057139033239904e-01
7.100531617269597584e-01
1.952351767077983580e-01
7.716318424006447518e-01
5.964989952945554119e-01
3.160036532419814859e-01
7.998957090001593828e-01
4.626783515166214000e-01
4.535892006634567042e-01
7.849800878827994932e-01
3.312950651935012147e-01
5.711383881888624225e-01
7.302032844307189130e-01
2.497866564109531839e-01
6.551619250232305625e-01
6.434928777053732230e-01
2.745699647841197133e-01
6.995707995091353659e-01
5.383108770969997625e-01
3.686579837142792693e-01
7.032977053623569175e-01
4.359073832494379519e-01
4.684606846015900161e-01
6.701041146089782297e-01
3.675545368416145986e-01
5.455966642183327497e-01
6.089811780041373135e-01
3.615927318125993217e-01
5.890466582082481972e-01
5.350152099890816970e-01
4.092947948708737793e-01
5.960793258119466698e-01
4.701010065183564568e-01
4.740850421960247640e-01
5.702069385185961625e-01
4.390458383348486704e-01
5.270289207830861633e-01
5.213040553595849058e-01
4.539356482813501348e-01
5.530360632246881236e-01
4.666383885268190479e-01
5.015850670250517895e-01
5.465811918276137771e-01
4.305027311875508911e-01
5.566610446389890221e-01
5.093396116765370740e-01
4.349009333053673321e-01
5.982442585146635627e-01
4.501042215085641063e-01
4.813048249469108475e-01
6.136704404601455165e-01
3.867610183174687299e-01
5.500967539419431285e-01
5.973032107840490212e-01
3.482879621996677888e-01
6.183497018600032646e-01
5.493286403887517322e-01
3.627401615394400536e-01
6.693709453226203143e-01
4.754614753458922261e-01
4.277110605365532781e-01
6.932147990936503579e-01
3.881529080052609770e-01
5.157503010032443713e-01
6.854305241475654453e-01
3.108606503456595727e-01
6.020714522151614512e-01
6.461218507027783886e-01
2.812501418017083754e-01
6.713332396991043005e-01
5.793780960923967660e-01
3.215070473155832165e-01
7.151847361862412322e-01
4.930811180433559704e-01
4.052243743273375998e-01
7.302085384705699900e-01
3.995096627512724208e-01
4.982377288487330191e-01
7.167755797920185579e-01
3.176304987957339065e-01
5.816412856851002067e-01
6.782187445322491737e-01
2.747624489793177860e-01
6.467202312519870766e-01
6.200325810320301834e-01
2.898958733554158895e-01
6.903329365127123252e-01
5.490438145570534223e-01
3.477637713406690478e-01
7.126969042970427992e-01
4.726646874359555772e-01
4.212681476485097276e-01
7.159576885105677357e-01
3.985254454771793853e-01
4.947866533756484220e-01
7.029261522010545882e-01
3.349648348786652963e-01
5.621420057652773972e-01
6.759525077528414361e-01
2.924514743081869095e-01
6.213814571270954712e-01
6.361693334168794234e-01
2.830808420731401043e-01
6.716274981928049836e-01
5.833857852038564218e-01
3.129254539435941118e-01
7.113284570989191202e-01
5.167888570130474424e-01
3.756678077757047984e-01
7.375431780192048814e-01
4.365012353624637687e-01
4.589058305032875928e-01
7.461039402710205604e-01
3.464718799094592128e-01
5.507191243897163746e-01
7.324003998726701381e-01
2.613990994215614205e-01
6.405073608340345892e-01
6.924522231520336968e-01
2.218340167478372038e-01
7.184728533089436153e-01
6.240092483493553388e-01
2.713436068488181974e-01
7.756491023614447977e-01
5.276226938551044077e-01
3.811364019568128092e-01
8.044031823208677157e-01
4.081250123211940251e-01
5.073081952946870699e-01
7.991090560115423624e-01
2.791464675829259390e-01
6.262277915750505963e-01
7.568017667518682767e-01
1.854530097914994513e-01
7.236803625999701506e-01
6.777444372029423070e-01
2.223985191732300026e-01
7.897140106077236155e-01
5.660136475830481739e-01
3.512404209543569800e-01
8.176117269974179091e-01
4.307471504004442564e-01
4.915899807889411721e-01
8.039779659237299425e-01
2.913626143779379229e-01
6.147038591614604197e-01
7.490678613445391765e-01
2.019641856495060228e-01
7.070073978394370018e-01
6.572019570974472202e-01
2.481924202260891443e-01
7.604704092147838157e-01
5.375819869262320472e-01
3.728693285102966937e-01
7.711609214149337532e-01
4.069350191973855058e-01
5.001564479376959804e-01
7.392465277583418759e-01
2.985168351416855326e-01
6.030449988851992460e-01
6.693568233667996914e-01
2.714088970228030195e-01
6.697866615494518783e-01
5.713971719690282836e-01
3.412239913656139323e-01
6.950832905827035724e-01
4.627046006350101215e-01
4.459829546548825241e-01
6.785945887943019006e-01
3.728546909958213029e-01
5.409199986278334649e-01
5.247836239393044444e-01
6.277327047450993458e-01
3.499479138347613150e-01
5.946259211606987893e-01
5.523920845291342419e-01
3.834625758656234340e-01
6.279971929139610554e-01
4.656288593694259959e-01
4.610355562144195507e-01
6.218135815472251027e-01
3.954974536375465699e-01
5.426934613564970977e-01
5.788103079673523332e-01
3.766757874792622252e-01
6.039561655830854026e-01
5.078670507773339615e-01
4.202055821644916089e-01
6.325191538511478750e-01
4.260692139343061347e-01
4.986843793471327224e-01
6.237585441925695973e-01
3.625676540234076262e-01
5.790203138938466720e-01
5.789875662442555138e-01
3.534310923433542362e-01
6.398604880535357919e-01
5.053015783832149888e-01
4.070516103835291610e-01
6.697121174179972991e-01
4.170787387360778697e-01
4.932716067843338492e-01
6.638751236821388568e-01
3.402706169133479785e-01
5.801555718369603154e-01
6.230201145803800911e-01
3.134391549943447153e-01
6.481601887146815066e-01
5.527699133056647174e-01
3.558938273817516817e-01
6.869382182777789003e-01
4.641964673046172218e-01
4.396307728288562644e-01
6.923303008455992114e-01
5.522852291479842801e-01
5.293336297373980592e-01
3.092172216247437433e-01
3.175190779376407813e-01
5.918595962036788949e-01
6.099105045282565696e-01
6.667667552365839079e-01
6.541060593719648653e-01
3.925250820163280752e-01
3.726136667279076886e-01
4.321678172739180646e-01
4.564088057612850080e-01
6.663731873154691288e-01
6.679480759126725786e-01
5.422444076219374853e-01
5.193413646822300223e-01
3.421407239263378752e-01
3.524139605794099905e-01
5.753362598496621905e-01
5.897986849021177314e-01
6.230298848761475217e-01
6.085497059173834433e-01
4.022205531412550994e-01
3.901276563071707226e-01
4.629534894837572523e-01
4.831185569418403047e-01
6.217823691184729551e-01
6.192841303770799666e-01
4.979201045649739865e-01
4.791510682262166143e-01
4.025324474311491318e-01
4.155983894744419982e-01
5.739878797226413143e-01
5.827179629765045776e-01
5.584507549506962931e-01
5.433395814612371755e-01
4.069517640752040588e-01
4.050122702714512024e-01
5.155605142091882476e-01
5.310026786909995966e-01
5.876921606810677767e-01
5.813702129720683676e-01
5.731937740761142708e-01
4.330133176090341651e-01
4.215476129931264304e-01
4.692069857571892211e-01
4.845809848889513494e-01
5.975828117444133003e-01
5.997919785228186251e-01
4.970697047358420551e-01
4.816564182139161376e-01
4.049640682401344227e-01
4.117919358937809915e-01
5.707994737497877891e-01
5.822854801416801340e-01
5.789106722690776641e-01
5.696498026276145543e-01
4.007067920455697485e-01
3.913348486034568530e-01
4.826965191292221236e-01
4.978938205064460942e-01
6.236186368220199006e-01
6.255694904034622139e-01
4.984223478552542441e-01
4.833926788580247269e-01
3.778491271584760725e-01
3.836672554231033705e-01
5.796680767609982965e-01
5.922155435789513422e-01
6.141307361504049211e-01
6.072868256554290189e-01
3.992216207026802466e-01
6.458253800974822489e-01
4.858483105366885324e-01
4.696203975705328104e-01
3.632698361948212273e-01
3.713585961179494688e-01
6.046929958467955890e-01
6.183404201778061049e-01
6.323157569293348379e-01
6.246147310903933381e-01
3.751462589002219628e-01
3.586817448002080910e-01
4.480091147407497254e-01
4.674868124258055313e-01
6.827721765562865253e-01
6.901486367601189498e-01
5.591535827835574235e-01
5.411722119150114141e-01
2.960696434546211120e-01
2.963418046310519749e-01
5.867788312588914090e-01
6.083702329618705384e-01
7.074398861327602095e-01
7.031584462095776811e-01
4.163550593872950012e-01
3.898234345997468875e-01
3.725178666213498913e-01
3.981653585336292767e-01
7.149797769290131555e-01
7.284812434091720856e-01
6.417992924944907474e-01
6.219837631449164350e-01
2.541541873834814447e-01
2.418598464259171521e-01
5.611671156469170141e-01
5.899199176327296623e-01
7.657593873536728823e-01
7.629788837328014273e-01
4.727765854819456215e-01
4.401665191914315711e-01
3.084032278481646516e-01
3.390375687248979308e-01
7.240610465831494036e-01
7.403734673662456522e-01
6.954167133252744382e-01
6.738022475789549048e-01
2.611951371464408256e-01
2.396382317341135548e-01
5.287773815953561440e-01
5.601541971997079372e-01
7.777856092060304594e-01
7.742271815416941205e-01
5.099482835077444598e-01
4.762017061517129224e-01
2.822198325771865801e-01
3.116793934822769674e-01
6.944002108265167061e-01
7.093816929533468540e-01
6.946027367304831168e-01
6.723946764478320182e-01
3.030031904189888214e-01
2.840616027490535656e-01
4.923558815012551437e-01
5.203478534696742708e-01
7.299457154938420178e-01
7.243813784705942505e-01
5.146121021625440495e-01
4.862843609602592876e-01
3.158809280404380471e-01
3.375466838221826693e-01
6.274548038719865994e-01
6.375441112851661929e-01
6.383997039988756894e-01
6.189121126933064820e-01
3.705688043141261989e-01
3.629336004973838237e-01
4.716135752049135377e-01
4.902845652648525343e-01
6.327653499586296526e-01
6.255005050405831879e-01
5.028238253185142170e-01
4.876350338226071446e-01
4.051229774349728308e-01
4.180979601210413898e-01
5.471842851055614965e-01
5.495375252878541561e-01
5.517465676719086609e-01
5.402103863831063668e-01
4.594048343060070927e-01
4.627757281892970753e-01
4.869145963146924716e-01
4.925779563054384913e-01
5.182275136347097577e-01
5.108642302207275776e-01
5.021803496932206734e-01
5.034834367070898375e-01
5.103564394516646452e-01
5.159403144129223184e-01
4.845746397378625780e-01
4.777210709666101507e-01
4.749034526278311796e-01
4.759158883265222073e-01
5.459763677344410260e-01
5.541631439279062210e-01
5.212081961721903856e-01
5.146068008315128894e-01
4.264134582757344583e-01
4.218471024495309973e-01
5.211049959691073097e-01
5.335405734810243494e-01
5.844167579937480372e-01
5.824857311897565504e-01
4.474990117549818014e-01
4.340338785489328277e-01
4.428311207883204315e-01
4.556589679055609299e-01
5.992510967969636448e-01
6.053606124823718293e-01
5.307416696839466486e-01
5.154133599075028105e-01
3.885347266738782834e-01
3.914982379869758056e-01
5.479890251301291482e-01
5.622445329613315890e-01
5.950396413753781255e-01
5.848938242108027152e-01
4.198560458735168255e-01
4.083280499152682208e-01
4.697658769949339397e-01
4.881533089705852313e-01
6.052622378768682809e-01
6.038343087171674783e-01
4.868733730767871859e-01
4.682571333109087908e-01
4.186125043569335347e-01
4.331598311296738224e-01
5.810979400011583307e-01
5.896477773067171357e-01
5.370326815360796369e-01
5.183997966451193706e-01
4.008935656914458523e-01
4.040851261045577680e-01
4.120711260554836830e-01
5.702013881673034801e-01
5.863285197361571832e-01
5.670308860821389185e-01
5.513612062948496373e-01
3.822636413687945378e-01
3.738543414608807569e-01
5.336585656157574187e-01
5.583298926927821038e-01
6.326569533537432788e-01
6.281238333331962131e-01
4.079482860363743413e-01
3.812219785868511956e-01
4.408801326621517025e-01
4.689012856919171357e-01
6.830253139327830958e-01
6.939729758343978760e-01
5.320439817086280998e-01
5.036346821769791537e-01
2.998969102814983412e-01
3.142290614881960154e-01
6.545901219689819195e-01
6.816646075414450889e-01
6.925508111757182617e-01
6.774917123025215870e-01
2.981204602656238323e-01
2.653188692343897426e-01
5.069447699311150357e-01
5.464893617191843855e-01
7.873859333074060274e-01
7.916322976924157206e-01
5.196096409666426386e-01
4.806716446137702103e-01
2.653972756689795820e-01
3.032222768908475197e-01
7.479684594101762007e-01
7.723975709711208282e-01
7.394283414999607285e-01
7.155722085972184843e-01
2.296579887223783312e-01
1.938653099887734932e-01
5.585684676645341629e-01
5.994743313613439817e-01
8.398661332397596713e-01
8.367438427176600024e-01
5.123186089604255811e-01
4.680742633889691806e-01
2.719380331891066982e-01
3.173396241322510303e-01
7.764001548316804557e-01
7.945703359141942368e-01
7.377583213233164239e-01
7.082144453668822726e-01
2.176264189907330948e-01
1.907479978092913309e-01
5.653159443699811160e-01
6.005897354484925899e-01
8.141825675645097959e-01
8.044475498040893902e-01
4.889824540572627609e-01
4.477867555651194875e-01
3.001354458886513754e-01
3.392235112764178107e-01
7.285867444207927424e-01
7.385907075270781164e-01
6.757178213562522462e-01
6.460486578224332588e-01
2.724984843280874869e-01
2.652165575139043829e-01
5.347864867085778684e-01
5.594900176929877844e-01
7.131280298178561683e-01
6.994371718953454886e-01
4.640970987692802918e-01
4.386618557337641500e-01
3.702340458579355675e-01
3.953065501943053284e-01
6.249881961776138084e-01
6.259823471850580745e-01
5.754856125829247437e-01
5.546096997487195424e-01
3.914639926310597429e-01
3.984920114551585013e-01
5.079609432194392982e-01
5.177641071020820940e-01
5.677848717169932113e-01
5.545266263435300047e-01
4.769427128595205567e-01
4.756629223649798122e-01
4.838148540002382147e-01
4.947694360652933887e-01
5.098009325727186347e-01
5.009722408280861128e-01
4.838865963047210283e-01
4.815731168536884210e-01
5.318383725643232030e-01
5.437387622104603579e-01
5.168979643955371461e-01
5.102962256907621619e-01
4.256032689951569359e-01
4.181647038534374028e-01
5.317610203915991152e-01
5.478114384616356025e-01
5.964124487648553297e-01
5.959030917412574402e-01
4.254152398789630141e-01
4.068808596622525142e-01
4.402462516564518702e-01
4.577499615767413599e-01
6.424748904901862456e-01
6.524183246234668276e-01
5.409692301656144897e-01
5.213756816076359213e-01
3.324917713187757751e-01
3.356188728351613970e-01
5.875815180960350936e-01
6.087661101299317590e-01
6.598558146405750779e-01
6.498049348088690280e-01
3.803610813186190653e-01
3.571790756266366440e-01
4.435201179477233357e-01
4.707648206233875920e-01
6.899382739382468044e-01
6.938048313864252359e-01
5.372160736272212356e-01
5.105411482822153069e-01
3.155272635288928762e-01
3.298321320058035244e-01
6.137308106471139890e-01
6.314521996825483985e-01
6.506119520835533798e-01
6.330350795224668481e-01
3.600066226366750999e-01
3.434856200726067454e-01
4.768661286095444707e-01
5.032842044890235567e-01
6.705442480505000580e-01
6.663393585158094989e-01
4.889830418830058978e-01
4.628732418853611641e-01
3.721857667612858411e-01
3.935278505675999239e-01
6.159229343360277387e-01
6.253862705155491808e-01
5.767310436722692391e-01
