-2.471518548132679793e+00
8.664815296968536584e-01
6.241803338308062887e-01
3.061831180807120578e+00
1.839325535509004128e+00
1.980862801487043079e+00
-1.251358986891620395e+00
7.261151881213274706e-01
-1.448202387750414211e+00
2.368982474440931796e+00
-2.684842268597148696e+00
-1.399154820107847419e+00
-2.890083238792199527e+00
-1.552826202396424771e+00
-1.865216294848472733e+00
-1.653992386838298412e+00
-1.670298324231295428e+00
-1.924219711018371637e+00
1.273945505429870506e+00
-2.030792079536483552e+00
-2.075440040319044499e+00
-1.183518906149698902e+00
-4.378063683484307855e-01
-7.259640384711726346e-01
-1.386521577231388580e+00
4.351439296773775695e-02
-1.113873065802500228e+00
-6.518720118110121753e-01
-6.902532418152014237e-01
-6.346008259892159387e-02
4.081923308116640059e-01
9.115710738231043442e-02
-1.713118673690812097e-02
3.396049517084056557e-01
1.930997696341670844e-01
-1.269744535281824183e+00
1.027379423888238330e-01
-2.433139358019498211e+00
6.160719376267642655e-01
4.701913972423257815e-01
1.941061539898693677e+00
1.017513072023757292e+00
-1.904274005104502898e-01
-2.921018676372520773e+00
1.559179702256631161e+00
1.169222094768709752e+00
-3.419661054198821493e-01
-8.666414613580550319e-02
7.449677128844940377e-01
1.231888879522647473e+00
1.445307173686122049e+00
-2.506454863616642381e+00
8.872721599731494546e-01
2.466641860537309050e+00
1.892325417455245296e+00
-1.167697126171390432e+00
2.074410427072438612e+00
1.067324260683705672e+00
2.252498694914343069e+00
2.266692300095916934e+00
6.977656147431567923e-01
2.154479904270627078e+00
2.678749146419238336e+00
1.832554734432040977e+00
2.374650730312517499e+00
2.977856166845096464e+00
2.142165619413141098e+00
3.472057051543212536e-01
1.206944586721053897e-01
2.767991852053839352e+00
-2.543034911667419351e+00
-1.101994122778940488e+00
3.277287479600102804e-01
-1.595191019771677432e+00
5.924441204373549485e-01
5.081157862963685545e-01
1.587184835003807359e+00
1.381711934402901854e+00
1.031953435033350353e+00
1.496139735078844346e+00
-3.041145834345212240e+00
2.500303824772564187e+00
2.215122838148366746e+00
2.559351931567931615e+00
2.452317715625448979e+00
2.664983494812402043e+00
-2.363438870358054444e+00
2.323351980808381345e+00
-2.937411688760876327e+00
2.787731174979695581e+00
-2.736769420127303842e+00
-2.909246428921716809e+00
-1.593029821477449093e-01
2.399403820904331130e+00
2.033885339845797058e-01
-1.939655219109969408e+00
-4.936023824514208513e-01
-8.159988261963074807e-01
-2.441074016150128312e+00
-3.153295559378285207e-01
-7.021301277309819344e-01
-1.850060814167985068e+00
1.249226898112621331e+00
-2.178139663653169134e+00
2.845829867293384607e-01
1.465571920425081665e+00
7.613651925193074543e-01
7.019685757541374027e-01
-2.076788768444675526e+00
-2.817097494776076516e+00
-1.994189754159496841e+00
-7.525150321776150619e-01
-1.550900131237808788e+00
1.266725754961424144e+00
-1.935246748608412171e+00
2.123476316832769051e+00
1.725644848914511531e-01
6.366280929773351360e-01
1.518528038445570605e+00
1.340710574492770091e+00
8.302203427383137990e-01
-4.242704196654445981e-01
3.696445087548759778e-01
1.258434600088625510e+00
1.900911708572843306e+00
2.071331079873504066e+00
2.273200102538718959e+00
2.262910647101747941e+00
2.737129836322228726e+00
1.176511530927027538e+00
2.636107328028161945e+00
2.066157440082925678e+00
-2.743749229957713087e+00
-3.061408611083625164e+00
-2.310758848006296606e+00
-1.725729645883565588e+00
-2.406359045540294339e+00
-2.674096730923422260e+00
1.206978807220182581e+00
-1.239795182147535701e+00
-2.186571006138726236e+00
-1.390709336660687523e+00
3.065226229254776502e+00
-3.025211786939163705e+00
-7.379481407270753746e-01
-4.716407644857436576e-01
-1.584380069600097807e+00
-1.245319055629204419e+00
1.853052781281073091e+00
3.113559502435759629e+00
-2.097833537803849957e+00
-2.678709245937302530e+00
-1.778349371312698546e+00
-1.696333000825244186e+00
-2.066690213749372784e+00
-1.237083313317544730e+00
-1.634952253274506884e+00
-1.119377798091227394e+00
-9.375890648325477805e-01
-1.073825320727078703e+00
-1.523998800370381046e+00
-4.681031027012595991e-01
-6.539711292837838696e-01
-8.904277794386695755e-01
-2.345796243751656351e-01
-2.672633256527804924e-01
-2.039858916327156879e-01
3.285762056104378215e-01
1.237136108231004228e-01
1.449901262131886082e+00
9.307769906788000425e-01
1.561803833651139284e+00
-5.163319311295828662e-01
1.161707572835355862e+00
1.890868926962884444e+00
1.790731907350905594e+00
2.548634641074889462e+00
2.412942647907671656e+00
1.417837737339862292e+00
-1.246855830149077082e+00
-2.806862771409010193e+00
-9.455013829464171682e-01
-7.459851054714444762e-02
-6.742844558457894433e-02
-1.553892190681020580e+00
2.827993278279272715e+00
-1.394915994916940682e-01
1.492930630225013378e+00
-6.020316548771523779e-01
1.759355638944417599e+00
7.406679483818627840e-01
6.388059541833783772e-01
2.098919772124665517e+00
1.864159036020487381e+00
2.363085402821115677e-01
1.282743059071208780e+00
2.396263424736679859e+00
2.108965663138698599e+00
-2.525519500648821580e+00
-1.911164288544197509e+00
-2.055436513914297159e+00
-7.959528942729555689e-01
8.143264442672581982e-01
-1.071574133196545819e+00
-1.992262066205943816e+00
-1.571652361692298383e+00
-9.996867697591060864e-01
-8.110520640314134999e-01
-8.628277360293140630e-01
-1.941261708392486129e+00
1.001331974012729553e+00
6.690380048756591203e-01
1.215435352061514873e+00
9.786565572016133752e-01
1.596603071428187803e+00
1.816332346543631626e+00
1.650251265567743264e+00
2.342773709097462298e+00
3.118314358208073678e+00
2.750726798486113456e+00
-4.168353323970914182e-01
-3.025423183268926230e+00
-2.715040634207789516e+00
2.164370753932589597e+00
-2.732031438421917091e+00
-2.752761614164365156e+00
2.048215658424562768e+00
-1.184049292242053797e+00
-1.309662411994953146e+00
-8.266941252307987709e-01
-4.679267615159763416e-01
-6.428726888031974784e-01
-3.558334150969407750e-01
1.498213705130873930e+00
2.087822755726077339e+00
7.869660369394003707e-01
4.909995199252770171e-01
2.424850142507925632e+00
2.803624669847578410e+00
2.622232563673195571e+00
1.960608338861749289e-01
2.644367327922505062e+00
1.883021596194532687e+00
-1.421789389323877772e+00
2.766814870323011988e+00
-3.920665728806324024e-01
1.006781889825136389e+00
-1.875585872466229098e+00
-1.983647156283030455e+00
-3.524956366208555347e-01
-3.743638174719775003e-01
-3.810413900642158902e-01
5.997361024408933705e-01
6.255148688947919089e-01
5.898475168914310007e-01
-4.023396352493619488e-01
1.554174646127388870e+00
2.892684059796245322e+00
2.375508239829933199e+00
2.311432104471808024e+00
2.672705259149374069e+00
2.967173401496871588e+00
2.268887759381635671e+00
-2.264743856671074251e+00
3.028343638159717521e+00
-3.003587754574873703e+00
2.407266249461250673e+00
2.872434098458619189e+00
2.709825451346064895e+00
2.884644666396246393e+00
-2.644578059187569163e+00
2.779010281382815251e+00
-2.183373477694404041e+00
-1.997373049678733192e+00
-1.784487048179601354e+00
-2.615469920342051058e+00
1.600659200544664262e+00
-2.600001571610613960e-01
2.951404380548646955e+00
-2.792469425909012148e+00
-1.697460982959451969e-01
-1.883927756697083788e+00
-1.939351219728259190e+00
-1.603588582976164023e+00
-1.453520162377838432e+00
-1.416059228385982971e+00
-1.083988454638739274e+00
-1.231357755109926844e+00
-2.303719463307954296e+00
-1.255699662890934265e+00
-1.824933227983883022e+00
-1.538282092766494191e+00
-1.366593954305642455e+00
-3.732131265485233440e-01
-1.351824216956262481e-01
-1.059302440731146655e+00
-9.200421872198815132e-01
4.244735581967251092e-01
1.281404217781028920e-01
1.036485693209471676e-01
3.497961966679234425e-01
-2.771140322600317507e+00
3.471479714035121122e-01
9.281538181604993554e-01
1.267355126744960980e+00
2.199572555146574349e+00
-2.051725278851350254e+00
-1.499708599391372799e+00
1.357999922482020505e-01
2.269854305083779167e+00
7.487717782677259792e-02
-5.819813438345926571e-01
4.826747557553068280e-01
5.736408514528267277e-01
1.740304249075839582e+00
9.886903279555668833e-01
-1.273753503604771797e+00
-9.155701652555389702e-02
2.225686686025995176e+00
4.654931515697616207e-01
2.750246695645847783e+00
5.988897383042783851e-01
9.409290282781236359e-01
1.015150568179175705e+00
-4.029382862574322210e-01
1.714723707738895708e+00
3.075591818469523009e+00
1.868192966764265384e+00
-1.596384816948037910e+00
2.076847679505916311e+00
2.668625218752884720e+00
-1.199407610977785810e+00
-2.816769520435355556e+00
2.204954717065506387e+00
6.172508388999283779e-01
3.484591023755476691e-01
-1.421563280816947605e+00
2.776486995302426042e+00
2.392946784373470415e+00
2.868292971982049799e+00
1.927119175701139664e+00
1.527560263650979966e+00
-4.924202130573713254e-01
-2.629140578278114315e+00
7.854584803911566215e-01
2.094205527110572174e+00
1.252994303223170069e+00
2.550502921174872650e+00
-2.816258942435565960e+00
2.993747882878122990e+00
2.295175622126905068e+00
2.133079414266876306e+00
1.281131813018221877e+00
-6.634210342836117935e-02
-2.747881431885288439e+00
-2.227234176301412738e+00
1.269165758870324456e+00
4.673891444746699347e-02
2.130949424749120524e+00
1.934937024164352204e+00
5.058093754630973438e-01
-1.554475639705032997e+00
-3.062777188470031664e+00
-8.466805904018392948e-01
2.750898842386933496e-01
-1.719442308246657669e+00
4.481623347273437918e-01
3.086037921854770438e+00
2.257432218527362977e+00
-1.071828328913626782e+00
-5.978229558401148419e-02
5.464098605671048603e-02
-1.663781596656904060e+00
-2.680681485291704469e+00
-2.843835822652724943e+00
-2.818123426380376717e-01
1.021515055659298232e+00
1.177252980098216328e+00
1.240258362093828171e-01
1.358112410273545789e+00
-8.741196199851328785e-01
8.966749931389018657e-01
1.324085983499071473e+00
1.800372909115004250e+00
1.527946262555532675e+00
1.579760636069507562e+00
2.995045520358427638e+00
2.223701787871606772e+00
-3.028294768897843436e+00
2.579628274415054268e+00
-3.102300937492523669e+00
2.575274303964397937e+00
1.944235088573023074e+00
-3.038003763242007604e+00
-2.984958338076731721e+00
2.507365257732749431e+00
3.025994071426563181e+00
1.414749779670043450e+00
-2.283823493718582842e+00
-2.661781836866034645e+00
-2.818656262322575046e+00
2.280944600989105009e+00
-1.956669286924574980e+00
-1.679049349716325246e+00
1.874857873926043972e+00
-2.459598157950201980e+00
-3.000149273519513660e+00
-2.294267912283782795e+00
2.707730449457137478e+00
2.213206111658122310e+00
-2.158418859435038417e+00
-1.484995435513906337e+00
-1.716925752608363664e+00
-1.371183050753506105e+00
-2.137828216710611517e+00
-1.583332388494287590e+00
-1.608557403434667243e+00
-1.070657669219897690e+00
-2.091651921466612496e+00
-7.155882306973047058e-01
-1.444614417952732488e+00
-1.318291942546584883e+00
-2.563913077705846644e-01
-1.599340016107942741e+00
-3.315199061398189095e-01
4.306444498271619903e-01
4.547090527177505975e-02
-2.834138655074425195e-01
-1.421905749622800252e+00
2.362409196346414997e-01
2.489329898109112982e+00
-2.601386302320788158e+00
-7.108030250873830225e-01
-2.951235807704734260e+00
2.287603993520149093e+00
-4.721022595951451101e-02
6.024020178107917373e-02
2.453629399752426110e+00
-9.875842082808857780e-01
1.330468360147083751e-01
2.035686427361602380e-01
-2.261702877465042505e+00
-3.122801230920784210e-01
-6.189803056078772014e-01
7.793472306978139752e-01
6.208057909266455621e-01
-1.420809351117548358e+00
-4.816893443496164662e-01
6.744565798407586854e-01
1.901247975388027367e+00
1.116106581208827775e+00
-3.403241168874189815e-01
2.249890859916854779e+00
-6.388105868636529960e-01
2.082599581314771575e-01
-5.728951857318905772e-01
-1.599999342876453401e+00
-2.131635450712738411e+00
-2.891308005350878840e+00
9.687152234356811720e-01
-2.279861559589212661e+00
-7.598977856339472758e-01
-6.583231755788870876e-01
1.822861828904191739e-01
-8.937356795974692458e-01
3.909380306102879232e-01
1.223263610346255525e+00
3.035615292375246771e-02
-1.363648809136042139e+00
6.405267041525701810e-01
1.574717897741246597e+00
7.107562788684294031e-01
2.155378303850626232e+00
2.093992757537689098e+00
6.343666568719233956e-01
-2.846281069279071652e+00
2.112949630115643185e+00
-5.838878856377950344e-01
2.661595111388094903e+00
2.055006798953377789e+00
-7.996297607652199657e-01
-1.696308786431964810e+00
2.877430201613922378e+00
-8.971368346369239521e-01
1.704541028694412264e+00
-2.818264454938545160e+00
-2.584024707027874790e+00
7.296754553375973673e-01
-1.390804216295730145e+00
9.729618338691626844e-01
-2.655011382280097365e+00
-2.346623443781670482e-01
-2.200980201995542895e+00
2.932948641596717199e+00
6.818454825839430633e-01
-6.977054303380161304e-01
2.878011039094123813e+00
-2.042468354927383656e-01
1.806111028123874807e+00
-3.081874467650065896e-01
-2.732470862053510974e+00
-2.426571266715881414e+00
1.326201658542715267e-01
-2.337966230152398239e+00
2.429109884254728069e+00
-6.938784622804741176e-01
9.578635285391134957e-01
-3.117111945499996928e+00
2.581036729397787055e-01
2.328237383497990365e+00
5.922865861356697570e-01
-8.300955795341333210e-02
1.711629047623545175e+00
3.345546943215872426e-01
2.072444070352476686e+00
1.596894310133590622e+00
2.078882935419553046e+00
1.607996222096562011e+00
1.389128578708605621e+00
2.834293540273357781e+00
2.856187367116556963e+00
2.137774052013148740e+00
-1.478259924469163877e+00
2.660619286986295684e+00
2.524534708934237148e+00
2.233296398991407639e+00
2.527374785055035211e+00
-2.028216465406547542e+00
-3.118759552206608276e+00
-2.059919462279689029e+00
-2.400810451136522694e+00
-2.930654908321981278e+00
-2.340007264006596088e+00
-2.728193685977040595e+00
-1.278458460828986620e+00
-2.066975198154491711e+00
2.700994643189642108e+00
2.925650732581149160e+00
-2.260296413136633209e+00
-2.976861719014340935e+00
-1.892175006566093387e+00
-3.062146572226613905e+00
-2.194707456687642555e+00
-1.719346344371774027e+00
-1.617715232262486147e+00
-1.962580116224538651e+00
-2.262773386067980397e+00
-2.176456943494590401e+00
-9.158995600645903901e-01
-9.481135905331549152e-01
-1.064131908887915090e+00
-7.575213987984437125e-01
-8.087054867406836545e-01
-1.097480841899595605e+00
-6.256980748357529043e-01
-2.633298355432959204e-01
-4.607445646488337876e-01
-5.041487089440741531e-01
-5.694748288262225788e-01
-8.248018060600950108e-01
-1.793674512302788404e+00
-2.554637648129977068e-01
-1.143013810087632809e+00
7.279514358553696995e-01
1.587394005800814301e-01
8.393793588171307718e-01
-2.535710961158750720e+00
-3.000769864378630913e+00
1.625368202413066232e+00
-2.595242635885972149e+00
-4.161884135203133828e-01
-1.353297896681795232e+00
-1.042079170327829152e+00
1.329814471110089824e-01
5.824697273294429101e-01
-1.333225414052528812e+00
-3.476395325123958768e-01
-4.136526169404000086e-01
-8.111114017780005625e-01
2.095056825074229412e+00
1.841043613830785741e+00
1.018490524642235329e+00
-7.256937386627499986e-01
-2.520635343990821342e-01
2.445348310357950083e+00
-1.135529925472593904e+00
2.111924463433597410e+00
2.829777812728984543e+00
3.099190274380948740e+00
2.062069160418376956e+00
-7.078640160686533456e-01
-8.008355221242149380e-01
-1.266707518082375694e+00
-2.447907731108560636e+00
6.895871706307135085e-01
-1.673538046722615746e+00
-1.916589915657483267e+00
-6.977353322756795206e-01
6.220143592591999004e-01
2.069426607717934630e-01
7.706733866641913844e-01
-8.906960844782456366e-02
1.937378167115006988e+00
2.471052400594355714e+00
1.723849713261148997e+00
1.277909692324494584e+00
-3.591490501419911108e-01
1.563975200728524806e+00
1.427056752250318805e+00
-1.153192327394077926e-01
8.485806555988653077e-01
2.927603777277624442e+00
1.192624043323369465e+00
5.208339998774152296e-02
2.312975194599697470e+00
-2.647697427632493383e+00
-1.591032717422184328e+00
-3.002562606933632416e+00
1.925193519505943085e+00
-9.941551249793467715e-01
2.189144628661439385e-01
-2.074368926316346062e+00
2.355077081824483276e+00
2.236866234629188543e+00
2.958913582961613664e-01
-1.397215020784185802e+00
1.140058831271973938e+00
2.268731046838278864e+00
-1.900782678656117164e-01
-2.022761162980550420e+00
2.625928289305649699e+00
1.862466235386236457e+00
2.872834621148533607e+00
1.118011392638301960e+00
1.447893772194080997e+00
-1.012629895948408798e+00
1.998745757687116154e+00
-2.120444857989440546e-01
2.382907483537701765e-01
1.956318673674470432e+00
1.368171657779897465e+00
6.799833271356835462e-01
5.665011421595129715e-01
-3.129118383022705618e+00
1.562280332310296282e+00
1.251306133911814555e+00
1.728245331827923170e+00
2.622985672538270308e+00
1.717121211259754698e+00
2.334650058637915304e+00
2.555477701109825528e+00
2.158243664229689163e+00
1.331029706922665090e+00
-2.642820470626062512e+00
1.811454223252938700e+00
2.354503028159377731e+00
2.292259445479935209e+00
-2.569729336530530706e+00
-2.242166362745452890e+00
1.312913406970722230e+00
1.226409571209814420e+00
-2.789728219795331032e+00
-3.042244425375332018e+00
-2.126577298407954508e+00
-3.099979768595860552e+00
2.777585483050260429e+00
2.814193528328035487e+00
-2.933078730839898007e+00
2.670583131482734185e+00
2.769913764022025493e+00
-2.456652345199554333e+00
2.926329542865235389e+00
2.483346301919976629e+00
1.220919655382199265e+00
-1.920880631186453469e+00
-1.970986014261854935e+00
-2.075384774363814522e+00
-1.969266540454110759e+00
-1.508386250461608347e+00
-5.006066484386230142e-01
-1.523412221296873925e+00
-2.003211829916429654e+00
-7.710883822321291658e-01
3.854967903448613953e-02
-4.042147383051975518e-01
-1.305701079159651057e+00
-3.526811242595687679e-01
-7.867343900516500232e-01
1.862684212609982293e+00
2.364414313914929289e-01
-8.865425649528543284e-01
1.495996787835363939e+00
5.033511436576670883e-01
-1.838085552864318739e+00
-1.821531995872120557e+00
-1.160764931063295702e+00
-2.510479065098941032e+00
-2.971646919226908601e+00
-4.171683549612197894e-01
-2.592417429043304633e+00
2.880526710701126536e+00
-5.430692736145578126e-01
-1.943239498807386445e-01
-1.577840332992744177e+00
3.161431476374877425e-01
-1.024161511574416705e+00
2.917088649000842082e+00
6.463920758303924874e-01
-1.949959008897719670e+00
-8.484022161795659045e-01
1.884863603494895568e+00
-2.065345650268406441e+00
1.676113057729420319e-01
1.593591336913847245e+00
-2.566215711692174217e+00
-1.789286558453374587e+00
2.904208969202166202e+00
-2.216240305455678072e+00
-6.219060559160055623e-01
-2.901305395107436791e+00
3.999630931013002932e-01
-1.404134195736446822e+00
-1.197867367863615362e+00
-6.646635142649839345e-01
-1.173041203830112122e+00
-2.352718196032937137e-01
-1.134405424515893435e+00
7.863534681992819797e-01
-9.764474613308052886e-01
-2.508023789394000502e+00
1.742132551717410216e+00
4.724539039545735952e-01
2.128593647969242664e+00
2.004221120836045866e+00
-1.750981706302826291e-01
-8.271356268253902133e-01
-2.902226423999702654e+00
1.771622379395481728e+00
1.888045495777935345e+00
-1.747335469580394429e+00
-9.305808637399799466e-01
-1.481771796776217620e+00
2.169071840723953759e+00
-1.300355630055498146e+00
2.902319403415676846e-01
-4.839087741442981705e-01
-1.508473006757961921e+00
-3.957363246023825054e-01
-1.597804835540390878e+00
-1.545464476840678447e+00
1.283397975561596294e+00
1.078575203311930908e+00
2.294632556804541590e+00
-1.753535309459929581e-01
-2.200581797629532321e+00
3.237066514852015020e-01
2.907109162710386663e+00
-1.196547529414703284e-02
-2.396264065089074080e+00
1.802035987060655708e+00
-1.986904212737687025e+00
-1.896261525967229744e+00
-1.087037729675648157e+00
8.719122509811783051e-01
-1.201666264362899694e+00
-1.683127998067879716e+00
-8.025493993352228461e-01
-1.072566750688441983e+00
4.768664883519128650e-01
-4.538117134510272765e-01
3.457569471460505972e-01
5.945188476174783077e-01
7.467220754522914394e-02
5.426946094029757583e-01
7.077064891558753068e-01
4.467362070904072335e-01
7.867214479445415742e-01
9.459203589638496279e-01
2.301812604018166564e+00
1.941283960686715604e+00
1.821867413798071045e+00
1.778160674044989564e+00
2.902296970303289037e+00
2.053290345377071446e+00
1.639913710917145107e+00
2.831801179596630469e+00
2.641628437969083532e+00
2.900109487192527702e+00
2.607736272894691343e+00
2.349339778292202308e+00
1.099099507515261198e+00
3.032052387983989128e+00
-2.470689260960118538e+00
2.792741242312519745e+00
-7.257005002214544920e-01
2.810625114242688127e+00
-3.131849371956136885e+00
2.997432586700682577e+00
-3.003390069875846002e+00
-2.985206619319361820e+00
-2.503685525743723606e+00
2.849004805119352390e+00
-2.998101354836661514e+00
-1.843584195983261509e+00
-2.483786344655761980e+00
2.203137954139421151e+00
-2.789184508141598684e+00
-1.766607625675396420e+00
-1.926379025116339516e+00
-2.538970905310606430e+00
-9.308984575136070028e-01
-3.146049212551541574e-01
-2.801453369675003024e+00
-1.191838323960141111e+00
-2.370937764829322614e+00
-1.466332166705722972e+00
2.085627698294814536e+00
3.394163797496913548e-01
-2.970945331016130897e+00
1.212935246432700204e-01
-2.010407251097392933e+00
2.711225508486910130e+00
-1.126295114243823114e+00
1.435494451151311912e+00
-2.335931154231114970e+00
2.350291689825162234e+00
2.050464128860931101e+00
-1.520270222329520360e+00
-2.161856849662387337e+00
-3.044375448486860702e-02
2.024431046449904237e+00
-1.980630296351848729e+00
7.574882518348692306e-01
-1.521774830488689556e+00
-1.422364846467205624e+00
-7.316596639961864268e-01
-2.995108624400390607e+00
-2.490706160638193889e-01
1.421018698136780944e+00
2.360110238388710702e+00
-2.389661815330481609e+00
-2.286731079740757178e+00
-1.521106528443727735e+00
-7.036696089863355708e-01
-1.719029461064637720e+00
1.343921680764870841e+00
-1.851975950640966539e+00
-1.870363917970955692e+00
2.670005356270262364e+00
-1.372003843490232189e+00
8.102649040724360652e-02
-1.089488514446065759e+00
-1.452427675305919319e+00
-2.535634074278844796e+00
-6.988445935474305037e-03
-3.056312251986015305e-01
-4.886580728772670079e-02
-2.750585752105024095e+00
7.441331763058898208e-01
-9.055311884048256044e-01
-4.202550931174969251e-01
2.377854728436039622e+00
1.539267298274339613e+00
1.418834704694216242e+00
-2.706556714954282405e-01
-7.384435776474224111e-01
3.082347308508402772e+00
1.386280059672076792e+00
1.519820825616572668e-01
1.801901694512850760e+00
-2.809869792185553106e+00
1.973685878346164602e+00
1.362577422663113547e+00
1.812884691250392644e+00
2.121137301640233300e-02
1.135215854555062354e+00
-6.328521334250463148e-01
-1.339602026863079054e+00
-1.347780552581659075e+00
2.294396683119580338e+00
-8.073077458576588539e-01
-7.574898050201616106e-01
7.574385273232338289e-02
-1.081102453027471988e+00
1.599131615640880133e+00
-3.811181884773336970e-01
-1.476767873767317552e+00
-1.415238320533617866e+00
3.169778798402104192e-01
-1.861660222039727586e+00
3.159269568622694035e-01
-1.394543901005015130e+00
-8.660635372673354260e-01
-1.709788701622103058e-01
1.329623097891426964e+00
2.588800600424409626e-01
-8.823147764926975167e-01
-4.656075535368764395e-01
-3.026845136580703644e-01
3.451736777473449758e-01
4.138645572313977561e-01
-2.521219126619562267e+00
1.269126749809330879e-01
1.065797994537635462e+00
9.588244562911131252e-01
9.030180605295128338e-01
1.754503641607524589e+00
6.458365547103769311e-01
3.484516583222907471e-01
1.667770698829762921e+00
-2.729093045423491848e+00
1.194042591033247724e+00
1.320390304606805065e+00
1.736706183649308732e+00
1.781876917555811346e+00
5.017831312303536739e-01
1.795887485404004558e+00
1.080264925825596078e+00
-2.695767386536582322e+00
1.899898149803526781e+00
2.159824829626548759e+00
7.773909647593131300e-01
2.526134247762216400e+00
2.120800867046595428e+00
3.036603863219290211e+00
2.697388714634910922e+00
3.054065728296433413e+00
-2.239863013756148380e+00
2.556505425034264256e+00
2.765930351263057752e+00
2.897189166064841892e+00
2.104389705205672367e+00
-2.911438358696392115e+00
-2.502204426169475138e+00
1.484207687678634313e+00
-5.429195968896622926e-01
-2.234344820980773250e+00
-2.066036472125058587e+00
-2.257718337885600501e+00
2.215058796956996257e-01
-1.246432067602621707e+00
-2.144380434319481221e+00
2.750509512299059156e-01
1.094438632304303827e+00
-9.867179700829220579e-01
1.409059031824506369e-01
2.208284526093740929e+00
2.261033137908781132e-01
-1.681362265929672861e-01
-2.224343571238406980e+00
-2.373496832735147777e+00
-1.644677043820326423e+00
-2.092417191246600083e+00
2.883572228787753211e+00
-1.520821108825650692e+00
-1.647467901960635306e+00
2.606825792350690452e-01
-2.312656205474297622e+00
2.646018828379721910e+00
1.036083104484775808e+00
-1.603913633700921881e+00
-3.559087701319428310e-01
-2.836597496675750563e+00
-2.525893095891031059e+00
1.295155614406683142e+00
-1.380990919093933345e+00
-2.937116282494174779e+00
5.955440540396071958e-01
2.028426357139299085e+00
2.575298029322676374e+00
2.406855444250976195e+00
-2.784418827659667972e+00
-2.398186116415401248e+00
-2.530457943651149399e+00
-2.738807226170069331e+00
-2.274890791509007304e+00
2.534211719602124546e+00
-1.253216311883956324e+00
-1.487300873313999627e+00
-1.471749733775298052e+00
-2.222214215927452496e+00
-5.999067052934931032e-01
-5.646253814372102775e-02
-8.492288620703171143e-01
1.437873102367594469e-01
-6.982169066797571100e-01
-9.238063871367009350e-01
1.468230718593005468e+00
-3.253134078013944497e-01
1.056905566366071136e+00
-2.406193001485231520e+00
1.800586723614089557e+00
2.681097704604938237e+00
-2.952090942770869919e+00
8.896672341149687302e-01
-2.198939279289560123e-01
-1.922787646971180209e+00
-2.769088195088043047e+00
-2.341262269600054235e+00
-6.448603320437168440e-01
