2.733531416439906048e-01
6.465743509268104261e-02
1.949772417141347469e-01
3.122940809547219976e-01
2.572841212170234870e-01
3.366572443852920427e-01
1.922436369787288712e-01
3.215833861061389576e-01
5.119417533459593578e-02
2.705911524035568561e-01
3.515873957314031850e-01
3.511277515697450169e-01
1.048597332669300025e-01
9.476845891869567495e-02
4.375524607360114504e-01
3.289737436768923606e-01
2.235980743392596004e-01
1.604988862175726061e-01
1.515597378688720298e-01
3.627871831089040655e-01
2.017706948277357693e-01
4.574342254993029599e-01
3.131832927443454762e-01
2.829996678139972133e-01
2.048917385431159588e-01
2.838179530161535347e-01
5.491343791211612535e-01
2.914553335790343036e-01
2.153591662483691216e-01
2.961729808301474809e-01
1.415755930733302581e-01
5.321447454562585611e-01
1.232150955429542338e-01
2.597616708420603659e-01
3.773898026611153811e-01
1.982433349889256013e-01
2.947030674142133155e-01
4.025412843068317675e-02
2.532965764479681026e-01
1.232403244056212294e-01
2.858559607953365389e-01
1.219114677548848030e-01
2.855804542725259854e-01
1.160266661690212142e-01
3.408155783375882986e-01
2.302911187194204290e-01
5.753155229830402007e-02
4.077657820444527403e-01
2.861995044960829460e-01
1.494656741068800809e-01
3.329993854955987098e-01
1.252488564980490660e-01
1.462196760180688448e-01
2.245381660310792893e-01
7.244421746255651218e-02
3.977244001712767346e-02
3.265061290492851098e-01
2.046240741607951996e-01
5.269596086422838610e-01
4.349745994150606698e-01
5.797139109761292874e-02
3.650847111416709034e-01
2.079259071334875753e-01
3.358974819093952791e-01
1.978106800177820701e-01
1.668646776085764005e-01
9.244899116794905169e-02
2.720355144124269042e-01
3.592063974584901453e-01
2.930954494339022345e-02
3.287903940396207370e-01
2.849096083220890030e-01
2.665208274582883674e-01
2.268359029412612138e-01
1.533584379893480065e-01
1.253973290573653643e-01
4.628938086880208802e-01
3.327019274635070745e-02
2.167958149920272970e-01
2.864898672845934136e-01
3.121221835916074827e-01
1.446616962090142566e-01
2.114095870239338371e-01
3.797656912236979099e-01
2.303970475649097516e-01
5.863344528857973303e-01
1.987373778388084600e-01
4.018217429138383756e-01
1.985213528101648917e-01
3.976396159062854929e-01
3.097699757204351312e-01
1.403298124968961891e-01
4.031879069687821504e-02
2.736173073211964346e-01
3.478922395574703397e-01
3.365458512886851938e-01
1.838212806036912672e-01
2.039948489778241614e-01
1.194937800718046395e-01
2.475462583161542329e-01
2.132604035668613229e-01
2.705242479488006446e-01
1.056845959663182677e-01
9.265955529962505155e-02
1.159450444270120895e-01
2.205577832434960917e-01
2.646645993965980881e-01
8.656728687784373544e-02
9.611314454004908636e-02
2.470615930091370760e-01
1.127504657995696546e-01
2.349770969147577382e-01
2.101185227481664475e-01
6.192725270201704380e-02
5.504405950048559815e-01
1.876655608508052131e-01
4.661209052548884180e-01
3.453451579870727706e-01
2.422064568860597955e-01
3.138256721702739060e-01
1.959082637066179022e-01
2.998176121904497782e-01
1.754474499656007991e-01
9.291135859870126856e-02
2.753868250569084242e-01
5.399283100856181461e-01
2.528228584233050968e-01
1.864684433397854058e-01
1.914093818432552330e-01
8.666047578967393805e-02
3.993882451553306123e-01
1.635756601497707630e-01
2.933034045863856520e-01
3.621290626507946975e-01
1.282056492978056184e-01
1.513356365906462497e-01
4.405049761619931337e-01
3.448633431795622428e-01
9.040142193054657993e-02
3.105602005794892428e-01
1.147711109208925939e-01
1.897674297786514641e-01
6.747619011434642655e-02
1.256205703197474377e-01
2.946508159080107325e-01
1.423910710012796510e-01
9.517932425339796498e-02
2.776315950325992654e-01
2.467536773061259903e-01
3.030838234408398946e-01
1.105350241898714475e-01
1.148466234168406125e-01
4.721482289060004445e-01
3.200207687063487683e-01
3.746147468914037826e-01
3.235064376835596334e-01
3.363403417952471885e-01
4.820144227738158427e-01
4.653348788316905016e-01
2.840649151429439634e-01
3.137851186073739584e-01
5.218450199594477645e-01
2.874661676399923871e-01
4.286537709754572045e-01
4.089863270172152676e-01
2.062275048408867273e-01
3.362559510398928087e-01
4.759987949146932684e-01
6.439936355553562697e-01
3.505044622408936550e-01
2.537951513756455113e-01
2.648153522428963180e-01
2.570813477467829289e-01
2.182282449365506027e-01
3.385382716474036324e-01
2.752081790328470556e-01
1.623824021316278010e-01
1.397390902170924099e-01
1.042264025804532368e-01
2.605029659613907200e-01
3.497921943608177653e-01
1.896993680035204688e-01
1.384777904937259385e-01
1.738197169326025360e-01
2.750493317882476418e-01
1.850748429008187423e-01
1.881314738899914352e-01
4.209359632981887755e-01
1.743589332004529535e-01
8.836892014244454585e-02
5.226709976346184394e-01
4.076858686088815631e-01
2.705348998192960708e-01
3.011710215432952809e-01
3.593972513770327809e-02
1.457648240894120761e-01
1.893477038731366247e-01
5.251830310616851794e-01
6.526777991437526794e-02
7.905680604723148985e-02
3.379293108739185314e-01
1.086459111265937888e-01
1.779148152608616140e-01
2.105571291078359442e-01
9.680004452643582724e-02
7.819516757101132101e-03
2.704182319600144657e-01
1.796591166855578958e-01
2.158854923290404737e-01
7.804145144755916808e-02
2.807813628959883734e-01
2.717434662374639820e-01
1.548321815738061547e-01
2.893112285720253474e-01
5.147262774718778244e-01
2.993716093678236434e-01
3.847946896561912355e-01
2.857204980958038543e-01
3.963237614898081351e-01
5.415733241880075211e-01
1.138638368802033229e-01
2.589385321347901781e-01
4.186250192816846072e-01
1.843786727251767177e-01
2.246159736970314846e-01
2.504718240483208014e-01
8.645706709026575176e-02
1.115681476821823448e-01
4.378449086974071092e-01
1.378085705179279696e-01
2.191838480143940004e-01
2.527996277079171406e-01
5.513756589179127365e-01
1.225530241978078638e-01
3.903494813131138663e-01
2.028428930992958179e-01
1.619684623544740965e-01
3.593454954297239379e-01
1.527623322974029918e-01
3.666745244805945658e-01
1.688990646223684500e-01
2.952461717716189926e-01
4.915639030552133165e-02
3.046844556002928917e-01
2.643907703808729415e-01
2.512210607666832685e-01
3.053850506552817090e-01
1.416000333278520928e-01
1.737000817298937905e-01
3.026118054999086815e-01
2.704919125108712352e-01
3.304530599010053193e-01
1.511625854368798538e-01
2.208354999778299466e-01
2.620100830091133259e-01
2.255162919103303742e-01
4.490474875774640995e-01
1.655833448740392233e-01
2.062267158229997288e-01
2.395768789019029621e-01
3.901749027222599087e-01
4.752680604027140210e-01
3.493826304024594265e-01
1.638772492066669917e-01
4.573453886891712949e-01
1.914316339413114354e-01
2.348391455348785850e-01
2.844916916118921946e-01
1.904082490081760171e-01
2.657396149228417048e-01
2.073866442963606671e-01
3.000048851043892739e-01
5.055444758040984476e-01
2.613982865476079387e-01
2.524169401174423122e-01
1.949226230074388722e-01
1.713329990810634196e-01
2.857761480188995007e-01
2.481975817103688475e-01
1.567054270582177167e-01
3.174496053646610472e-01
1.555784263728244299e-01
2.346013083577297154e-01
1.279322207596539640e-01
3.313694381924583987e-01
3.888655324162939575e-01
1.775644219091288556e-01
5.544350823354268210e-01
3.326380454692224320e-01
3.775763618078764039e-01
5.426524317720430313e-01
4.747829058963813909e-01
2.476485148369411138e-01
2.624485508655599597e-01
4.033034431840387679e-01
3.498193226692964952e-01
1.556903257751222069e-01
2.972398327177237509e-01
2.936707892280442378e-01
1.538160428539508129e-01
2.883528741530140826e-01
1.249236760830936682e-01
3.649305029854336690e-01
3.633368447708449356e-01
1.372687138660112494e-01
3.262683550108388952e-01
1.642672476201323395e-01
1.255800102054429046e-01
7.979086637946192218e-02
2.106627897932711879e-01
1.901278903098101714e-01
2.933239734579899394e-01
1.201656774950902729e-01
1.958132643872287082e-01
1.519232428358667508e-01
2.128267278949270702e-01
8.656714815264869578e-02
1.671367029732811482e-01
3.868886704805349352e-02
1.958312101366453672e-01
1.547847084747551172e-01
3.823509672846175378e-01
8.453726933772601204e-02
2.854975336265078156e-01
1.435851228173549467e-02
2.168233704867245926e-01
2.823932982784569390e-01
1.914308092622926671e-01
3.142858064985054600e-01
2.827340559694994093e-01
2.445336884890501328e-01
2.033532353221605971e-01
4.574216765644603666e-01
1.510794580067211512e-01
2.369995817171734187e-01
4.791080687912043778e-01
2.607865440448399186e-01
6.256418111764622259e-02
2.015607415076998699e-01
2.383498004537386861e-01
2.951650663356137905e-01
3.813965916415133495e-01
1.751248897557009521e-01
2.733446765892006899e-02
1.564793625287600187e-01
2.671042658896735089e-01
2.510224533663230062e-01
1.284880243493463359e-01
2.206037951829145083e-01
2.308407045411640102e-01
2.984953199183825734e-01
2.796322868729654298e-01
3.166243571313092642e-01
1.989184456628012854e-01
2.804448480832150148e-01
2.070466486264064543e-01
2.192285472071094921e-01
5.091102550128360354e-02
2.330022132345021257e-01
1.639632799210518632e-01
1.930201532861846453e-02
1.387818541881563339e-01
3.101782670442674861e-01
1.759886511525383113e-01
3.154209423095623022e-01
1.304385532898374445e-01
1.834008197425383291e-01
2.441665863701234507e-01
2.246756678609518054e-01
6.441595247338705033e-02
1.108376442656302113e-01
2.498350365551584296e-01
2.911657965717343588e-01
8.869937704770675113e-02
4.691907770254476195e-02
2.158888924759251038e-01
3.352374157250755105e-02
1.636916580418600331e-01
8.556702396778238795e-02
2.797867207757290808e-01
1.403033091363804497e-01
1.317816746725844201e-01
1.961179441066875639e-01
2.791425302208452863e-01
2.838703121043852917e-01
2.573868339127876603e-01
1.020543790521670768e-01
3.495166091938262665e-01
2.481420116085051863e-01
2.407756220621562748e-01
3.149862955064147707e-01
5.022464865329390182e-01
2.963834563110445686e-01
3.560026277519259819e-01
1.712255655570892876e-01
2.547583845973639960e-01
4.981106117900103158e-01
1.887974284885248488e-01
3.421994966722573528e-01
4.072675129961498275e-01
1.805555691143816144e-01
2.309706786211020157e-01
2.935680784154073852e-01
3.392836426497679025e-01
3.812862461723220409e-01
2.837667657320407932e-01
1.082564855906299611e-01
3.876730448330885648e-01
3.586596065884928297e-01
1.717880772631517339e-01
1.016526660466370996e-01
1.338873663276212433e-01
4.988115871106473809e-01
3.942046189813778745e-01
3.154873055726761799e-01
1.599136478521028526e-01
5.297904773235645459e-01
5.049222750025746942e-01
4.052126642951273117e-01
3.730895150853302256e-01
2.483514599614167484e-01
3.921421878681275452e-01
3.098531704655584917e-01
1.843372524368537269e-01
4.068579521771142904e-01
1.674358889803743977e-01
3.314567275647919420e-01
5.230269927188815338e-01
2.060956324614391377e-01
3.676696047906172216e-01
1.660794614165251315e-01
5.274941247707911479e-02
8.583086399617366469e-02
2.411909182388525738e-02
7.438290408420088207e-02
2.983165795664493580e-01
4.345429925390090764e-01
1.117041625480987288e-01
1.701007728068748281e-01
9.596593463931089862e-02
2.724215413868926183e-01
1.883517462414066035e-01
3.877665885402339363e-01
2.366943473764801520e-02
1.411754931217075459e-01
2.862518417290114692e-01
1.336162419543171220e-01
2.854676619561912765e-01
3.807589460507652679e-01
1.388094282881147390e-01
1.556830565525547105e-01
1.905341911606505123e-01
3.520033158304996523e-01
1.042213461066606311e-01
2.236088206759898611e-01
1.306640623188266292e-01
1.407747509281722376e-01
3.343968778420152166e-01
2.667256484608669931e-01
1.797797619147420700e-01
1.888780901229515086e-01
3.022075786671122311e-01
2.336557351963618745e-01
4.205674205671656729e-01
7.442566384545734604e-02
5.282828304139524089e-01
1.864290539589872064e-01
3.685686388479977316e-01
9.771381912897740551e-02
3.800596033146053099e-01
2.387487565126421851e-01
2.715277521033209185e-01
2.508085403735897390e-01
3.056719053440182798e-01
3.215536498370712981e-01
9.482890141148880847e-02
2.238143522428024668e-01
8.359469415559625527e-02
2.294491650812824080e-01
2.505292822359748706e-01
2.969894828433696232e-01
3.606562736445670381e-01
2.045734174790781734e-01
9.129654439650002062e-02
1.679952194535763443e-01
2.173300750987272878e-01
1.449744982460531295e-01
3.812667883019676962e-02
3.223066450378016534e-01
1.210509692513463825e-01
2.452208904984512772e-01
3.231362260666004182e-01
1.278593525520631269e-01
1.395626381715141529e-01
2.651849263126396239e-01
4.299694175843199462e-02
1.075194726323343147e-01
2.315442472007303021e-01
1.708851499480790737e-01
1.511949191200661347e-01
2.185566964994927475e-01
3.864877710476511408e-01
2.371425777526604550e-01
5.361556023409548566e-02
9.847707972791613917e-02
1.623037940737794282e-01
1.920386898898856221e-01
3.682664512488017378e-02
3.348010126470239434e-01
8.038289888964438024e-02
1.444764849223667824e-01
3.876999389391009299e-01
2.509396450715405402e-01
1.175944363094841433e-01
2.547112002077022708e-01
1.506267804363478624e-01
4.001439050874919245e-01
2.030587788307818276e-01
3.565387061534017743e-01
2.011548245815627800e-01
5.649276820061888138e-01
3.243672595019657656e-01
3.822756864280334177e-02
2.391987640540638171e-01
4.174346083458325696e-01
2.706237022720358598e-01
1.872290805979766881e-01
1.048651913953375509e-01
2.004429552900970635e-01
3.984484094603925053e-01
2.875897468612488295e-01
2.363012792511011151e-01
3.225728514189653007e-01
3.147384596125272771e-01
1.768028421250834870e-01
4.811255810101350838e-01
2.754875901345594791e-01
1.427209294336782008e-01
4.982399353837574374e-01
4.400816560439226310e-01
2.502747433463402560e-01
2.003908719907010749e-01
2.246618929277125198e-01
4.065214775422646976e-01
6.412213566012827659e-01
4.137189447158907130e-01
4.364557930320179802e-01
3.054797315276370773e-01
3.320335448115040999e-01
3.331449997267807994e-01
6.966936118372042408e-01
3.107127819892374632e-01
4.511762033068532629e-01
2.821340430906615904e-01
1.942426951141586755e-01
4.610064993582390636e-01
1.240898427210458121e-01
5.551742127711585262e-01
9.512441337455039558e-02
4.005117056030537692e-01
7.179620744485218364e-02
2.904006226906235555e-01
2.844606721280150685e-01
1.651810985552054634e-01
1.547054273383463852e-01
1.289013405783719368e-01
2.050872338012910412e-01
1.770738260414665421e-01
1.563648714964880060e-01
4.287617146246500699e-01
2.417171931682591535e-01
1.696316725347451482e-01
3.960822711159907028e-01
1.884840660100034482e-01
3.262902767600405207e-01
3.098994021507061047e-01
1.702599877355436275e-01
3.105009229608929333e-01
6.831104696327272574e-02
1.383042702557158721e-01
1.366642612871748208e-01
2.457740727700625516e-01
6.174170042774030503e-02
3.294366253091724484e-01
3.397874952754190159e-01
1.545276010503835451e-01
2.806604602429859097e-01
1.787647280043975495e-01
1.232501962947387120e-01
9.796628719664811358e-02
3.035071958392344671e-01
6.360834265945687627e-02
1.506393862304933884e-01
9.883714588448799798e-02
2.380133518829869455e-01
2.948852997849749635e-01
1.282749194918063849e-02
1.313222709709916947e-01
5.179534945229279375e-01
3.202978590020028604e-01
1.556019415617271862e-01
1.154909041646565021e-01
3.520186510611749142e-01
2.593520987456356397e-01
2.554644345412129813e-01
9.198218432868988936e-02
1.870527445621152640e-01
1.870108665829025296e-01
2.932936089622059095e-01
9.527731188084318306e-03
1.863695815387399479e-01
2.059756736710243730e-01
8.386858132141716826e-02
1.945159468627244148e-01
1.742158765920521768e-01
1.589546846331547358e-01
3.194725722495410647e-01
2.021936895356263864e-01
1.728333625357432735e-01
1.304234111492365844e-01
5.571256171424484455e-02
1.088942996253393081e-01
1.296213935823911090e-01
6.542881869184236088e-02
2.162862268882148886e-01
2.222681004201323141e-01
1.463538964273175258e-01
2.764212435755860064e-01
1.265469309745114457e-01
1.843772843770590808e-01
1.952157112311180831e-01
3.762048923251656296e-01
1.181340477763691832e-01
9.045911937988233842e-02
3.283713449136319018e-01
4.684187218259767138e-01
1.958875602537299976e-01
2.059335102701411735e-01
1.916997027715925672e-01
1.519071106390085524e-01
2.290027684303737043e-01
4.822708518302148417e-01
2.236379305008290019e-01
2.258990058177741955e-01
2.810091432283884916e-01
1.909654168418144782e-01
4.680662193478361544e-01
3.061444209465910005e-01
2.475670825455877078e-01
4.384014263208180218e-01
6.002341975873098923e-01
3.264902621322912646e-01
1.210950574215636510e-01
1.928806140169836147e-01
1.696398075758591972e-01
2.725976609823153041e-01
1.521226866627362617e-01
1.036706297617188965e-01
1.143943333680656899e-01
1.703632295618918990e-02
2.517590090498776911e-01
2.706102751098020676e-01
3.144402691293091134e-01
1.590275972213126832e-01
1.896502529894283917e-01
3.960309526796128299e-02
3.795269708997081604e-01
2.826507357097900464e-01
2.835383602163915606e-01
3.998834817102173145e-01
3.657541518606278186e-01
3.217971818947017448e-01
1.919375951693099713e-01
1.510836336457444321e-02
6.106661542011397881e-01
2.888063707960758508e-01
2.994837257287764620e-01
5.908426390812461237e-01
5.146058910284768695e-01
9.650664043477531762e-02
2.898529897354487073e-01
1.892117080323354184e-01
6.311349822266193454e-01
2.415791158640319403e-01
2.589879399903512458e-01
2.092122397447725712e-01
2.490840947428275831e-01
5.144531644391914238e-01
2.196985688976318130e-01
2.624902907190874157e-01
2.258567293524301189e-01
1.359399559088761700e-01
1.636776646285137971e-01
6.968574295099279337e-02
2.442317427204391544e-01
1.088066949804957634e-01
2.666297225576679253e-01
1.562924539181648198e-01
1.614286043978296614e-01
1.861375905073685555e-01
6.109764795867769077e-02
2.343285607513117819e-01
1.597217169588525942e-01
1.572659164989042846e-01
3.186250696110004554e-01
3.011861245653171260e-01
3.284442624845512748e-01
5.268103472812660781e-01
3.345414928730091469e-02
2.483452847234062233e-01
9.129893576002461042e-02
1.502913591211343658e-01
1.653300120224683034e-01
5.795041834929749031e-02
9.880637783444320976e-02
3.578652650808888391e-01
7.818725817580876591e-02
1.989967887262206747e-01
1.377157053330502201e-01
1.374866124625298280e-01
4.873624465326881899e-02
4.135727987275423234e-01
3.153394560720499951e-01
2.972285471851255911e-01
2.219203517255964042e-01
3.158526483200170820e-01
2.001089151528601395e-01
5.015535979709558889e-01
2.133832138417446067e-01
8.346756822396482478e-02
6.875301696820911024e-02
2.787245572870354349e-01
5.226367540781975962e-02
3.495000260207449805e-01
2.172047624102735053e-01
2.640714240961979792e-02
2.312862476738510586e-01
2.190260122208596838e-01
3.752316548012028519e-01
1.232806356943328130e-01
1.582648415250437479e-01
2.619531810934572214e-01
2.602141901559018589e-01
2.386639864364888952e-01
9.341139634134218439e-02
2.055676472831433066e-01
1.467787025914121801e-01
3.290458000575289810e-01
1.727929834804415588e-01
1.363810384092680461e-01
2.303213996321256951e-01
6.342216804015633758e-02
1.843709122697305414e-01
3.696295325305798407e-01
1.225147556155340989e-01
3.027692031183813054e-02
1.220940064195374930e-01
9.626456353750065253e-02
1.445018050932911358e-01
2.608863300567341170e-01
2.087020675233053069e-01
3.233382724074965187e-01
1.905816703757217401e-01
1.038590773799281664e-01
3.801434039387625585e-01
2.797671553849285231e-01
1.685367643725016462e-01
3.773516900561740828e-01
9.546167806721188309e-02
2.085462254320125386e-01
4.587502501644843411e-01
4.731994312776613421e-01
2.456731533338849527e-01
1.653020361574323305e-01
3.524697363885577195e-01
2.153733740066946512e-01
5.291058649469781994e-01
4.077444446267893818e-01
4.236541751831151004e-01
5.258718238251770538e-01
2.935901118410557120e-01
4.603124376796612904e-01
1.787823163762099210e-01
5.349357047027399892e-01
4.339073015278869239e-01
2.511249842910323049e-01
3.759828952371591648e-01
1.889122096308774520e-02
3.813414607726667294e-01
2.106991496602816927e-01
1.888150596639670553e-01
2.269467497466791106e-01
1.150263287731194267e-01
2.607433176482538140e-01
6.010032502130430165e-02
3.320759419134904356e-01
3.955700207273717961e-01
1.322139008418449224e-01
2.269088456002212872e-01
3.253275114004147150e-01
1.576889654470720048e-01
4.758322249376930602e-01
2.497810589319523211e-01
3.058847197906437443e-01
2.925361557121667344e-01
1.622911187622985418e-01
3.545891480610120494e-01
2.741859575324603893e-01
3.495148543763227922e-01
3.496553259781765011e-01
1.890491070708543164e-01
1.238427452220368652e-01
5.862631275212928234e-02
4.365523564331628137e-01
3.877451586379762061e-01
2.337575535528153281e-01
5.434666236775936160e-02
2.357839268123353149e-01
1.306036972712009969e-01
1.961284778939439977e-01
2.371270768330803469e-01
1.685262950604330123e-01
2.251934267029865322e-01
2.486289581082355427e-01
1.753998766871918691e-01
3.120325021529049003e-01
1.208569715090620639e-01
2.367790307934059257e-01
2.925468486204188534e-01
3.947067547207242511e-01
1.569886842281001949e-01
1.778790272032900188e-01
6.302624627302659543e-02
1.692930696568900883e-01
2.984141023715021213e-01
2.305746518315344440e-01
2.252367627184224952e-01
1.693443249608128642e-01
1.005765841504943497e-01
3.312591131786603998e-02
4.005661145195985040e-02
3.559447328527698962e-01
2.253324008239435960e-01
3.692436381740366036e-01
2.459212556009518214e-01
1.078155028028366935e-01
3.064500388657462326e-01
2.259434774152025982e-01
2.918323658885467187e-01
3.354795395544248882e-01
1.446028902233797708e-01
3.520745325761234779e-01
3.088306032213838370e-01
1.974183188209365780e-01
3.352194371916416005e-01
2.532682657727807762e-01
1.871774143754043052e-01
2.164791016740765794e-01
2.674374520560992008e-01
1.863302841566056023e-01
7.763098869951481906e-02
2.705066405709903241e-02
8.046090307119371787e-02
1.357985318155667254e-01
3.865058906573207720e-01
2.618792545290550833e-01
2.959429876533505310e-01
1.248057476075029454e-01
1.713440239602599113e-01
2.862357935946384102e-01
9.643904726857351062e-02
8.986094621317074205e-02
1.085641565583771589e-01
1.377941694437399833e-01
1.931081640368285390e-01
8.604040052035824560e-02
1.435654050317017594e-01
3.219616867578264374e-01
1.192448905065787157e-01
2.526605054584147858e-01
1.879585072270911483e-01
3.949619691857283454e-01
1.718873711637043389e-01
3.138673570129834056e-01
1.447412379427304441e-01
2.989247735764067326e-01
1.298769013947565498e-01
1.419438823615401801e-01
3.731596153783673930e-01
8.913098077027345467e-02
1.263648694577592935e-01
1.650710535488536801e-01
1.115880848838513434e-01
2.451994675916359667e-01
1.158983220254137247e-01
2.849223757011360991e-01
7.433848351442672031e-02
1.740041985597343688e-01
1.479478637223332338e-01
4.279902302357152521e-01
5.303325472092900172e-01
6.931349657746876947e-02
2.309274245569425399e-01
4.768915585553686887e-01
3.658306283770509371e-01
3.171821209910263839e-01
4.757675597584399840e-01
1.483447579749907763e-01
3.502635424872368453e-01
4.692428071190257732e-01
2.535286555889213443e-03
9.963837473390974031e-02
2.071751145084503587e-01
3.123448771076464126e-01
2.917207978888060604e-01
3.551420477549117050e-01
4.467217525368550324e-01
2.922705026837967845e-01
2.482570409256857624e-01
3.165482748183146566e-01
4.952608205200865199e-01
2.448592617239300218e-01
1.262806003772695695e-01
4.039474259300483427e-01
1.425864218505042413e-01
4.728420055495153318e-01
2.182342903362116393e-01
1.613131248757288527e-01
3.078491544325570040e-01
2.007201108502904841e-01
6.584379376696769537e-02
6.889004154582362149e-02
3.915071434932748673e-01
3.788800695954053221e-01
6.927656126858890151e-02
8.929240164366961108e-02
3.620255370037717690e-01
2.288355956755023790e-01
4.338116409086736347e-01
1.622550096328997105e-01
6.898307687046341397e-02
3.092840318596308258e-01
2.552012721460000799e-01
7.747060454788266826e-02
2.734146661907445319e-02
3.681357803429782805e-02
3.558829053523499542e-01
2.661783941172290446e-01
6.454072540965728744e-02
2.680439085341472238e-01
8.502997017378377542e-02
6.132761671571081152e-02
1.347320972253011062e-01
2.198341140180715136e-01
1.066365054628354153e-01
1.751593179942526612e-01
9.335177241723564834e-02
8.504947981334515239e-02
4.734447173770903183e-02
9.503095859718944938e-02
2.784256870035920484e-01
2.245888550040995579e-01
2.060185461187360179e-01
1.588391750018953441e-01
2.391419336577109700e-01
2.687390765138479923e-02
1.377190126050461816e-01
2.474201077763532042e-01
8.896991627791764334e-02
2.972471458883961803e-01
2.036801352536993515e-01
1.956239847360327633e-01
8.535435515437614362e-02
2.072674991793643784e-01
2.481021178994933241e-01
4.052307157357766809e-01
1.140246823153499428e-01
3.497661092249983450e-01
2.611736586686570494e-01
3.283925788761341003e-01
2.621610502802065312e-01
2.036507629519570539e-01
6.343648196590165322e-02
4.434734707591240777e-01
3.161533531960104004e-01
2.777839642907532491e-01
2.661103083267419844e-01
3.252970388588178885e-01
1.278009262745601893e-01
1.598589768294621793e-01
1.349418007073899597e-02
1.371427109368938413e-01
2.442151629177313765e-01
1.441864789171220518e-01
3.209733495756927901e-01
3.888117369018091740e-02
2.555983319084563776e-01
2.403307979229317437e-01
3.966990379844619885e-01
1.436927965559516851e-01
