8.530354042456561592e-01
2.312443130192312957e+00
2.719672618122622731e-01
8.612743779552411993e-01
1.680535087915915549e+00
2.908144382578786491e+00
1.803390791700349105e+00
1.922100820725831660e+00
1.212588682382916838e-01
2.472610446706876797e+00
2.110479057327481645e+00
8.755019742950745920e-01
2.710118840597076417e+00
2.007046940435357918e+00
2.726684155024972078e-02
2.392093519902712018e+00
1.905453052292938043e-01
2.649501725016342846e+00
1.886141737240077720e+00
8.893594001789159043e-01
1.086139208559366853e-01
1.751771981796171662e+00
1.128708718732931438e+00
1.223996711564379059e+00
7.075128705386262151e-01
2.593256908480706890e+00
1.386879687679790418e+00
2.831793622231364882e+00
7.029328669103465099e-01
8.071967743051428057e-01
2.848227698329568902e+00
1.128420552230142704e+00
1.575525461949308648e-01
2.064068573883967250e+00
2.959768489088305810e-01
1.345694564038804053e+00
2.906363876829048287e+00
1.103442855431737701e+00
3.846166653506397637e-01
3.272280182660921577e-01
1.148041149712181186e-01
1.962905311347396431e+00
1.963528437538637483e-01
1.558767431124028713e+00
2.888853821371213382e-01
4.366072867982433436e-01
2.762370437092470432e+00
1.194198313583545001e+00
1.863420499732930224e+00
1.083463975153853287e+00
1.285067743450177158e+00
2.032566593914961750e-01
2.405508758360832111e+00
2.983266434682929180e+00
1.544956176790411861e-01
1.105606955549537807e+00
2.852127608226218136e-01
2.218915966957259123e+00
2.012617406560162969e+00
5.751472440936338248e-01
8.462718868196044131e-01
2.903104507090672470e+00
2.785877649108913889e+00
2.288899896042826398e+00
2.044984712982079511e+00
1.087909666428081401e+00
1.497831713882084692e+00
2.835747647414247119e+00
5.784854808084838318e-01
2.110593445206565555e+00
2.926893387417162984e+00
2.386805766523387717e-01
1.694008790453873647e+00
2.057150538448844657e+00
5.027058990667500060e-01
6.098302934892485538e-01
4.318989833468910300e-01
1.151628201377821625e+00
1.561289809162976994e+00
3.507959665329586363e-01
1.183809276163646285e+00
2.776165570460746856e+00
2.879430161401419941e+00
7.798039932465025137e-01
1.798437675593117069e+00
6.584599932353516483e-01
1.753058315430022773e+00
1.074544732274766989e+00
7.358760005995802489e-01
2.793376112266404476e+00
2.257240225077521423e+00
1.719855947849736166e+00
3.916425001183930776e-01
5.032351456364739795e-01
1.585468009005645218e+00
2.382886799462922589e+00
5.308329187206728417e-02
5.880450706073461209e-01
1.979204462241615836e+00
2.975725155903390817e+00
