-1.084878497609348846e+00
2.025691988114572073e+00
-5.064419929588959146e-01
2.476574229776360436e+00
3.799313670250638597e-01
9.723118596121534951e-01
-2.780246662862530943e-02
7.656174564113582548e-01
2.148698644457725404e+00
2.684704631022079457e+00
1.570599343035622208e+00
2.629103803633312975e+00
2.284365943700498836e+00
2.149180319087060198e+00
2.655313945596275538e+00
-2.769826091383575051e+00
2.586447031431393651e+00
3.019107804085206848e+00
-2.631294770557488949e+00
-2.475982389073539736e+00
2.894102341850937510e+00
3.088414462595019838e+00
-2.316006455081700111e+00
-2.095964377855597416e+00
-2.787437976707622944e+00
-2.049298322442688836e+00
-1.882979158026095057e+00
-2.790962894612090572e+00
-1.322064275476173778e+00
-4.469809745310056592e-01
-1.803985664834323099e+00
-1.615663006097360910e+00
-6.262088720845674361e-01
2.598416307388934920e-01
-1.324509592838505334e+00
-4.702775305979862985e-02
-2.747586831003061558e+00
-1.468584164823391713e+00
-2.345315252344974954e+00
-2.046405870919918435e+00
-1.872681956606402798e+00
-1.604280856781472586e+00
7.785118305283245110e-02
-3.093660644407327798e+00
-1.070563527022837746e+00
-1.547671922362945374e+00
-1.595793578764236331e+00
-1.177989295498428346e+00
3.748850678767799982e-01
-4.511557359368753573e-01
-4.259614613773428093e-01
-4.844965772297719075e-01
-1.230354036290551401e+00
-2.003031994452193487e+00
-3.122725205103234369e+00
-2.698999584814002706e+00
7.888602501030596015e-01
1.191027856416147834e+00
9.479710372745325797e-01
-1.891237543025747092e+00
-2.394503489088906090e+00
-2.169146463135259939e+00
-2.689034798065462084e+00
3.040817473703066653e+00
2.453688950322483908e+00
-1.729441526627877312e+00
-2.857675164772507159e+00
4.274584629829047411e-01
-2.064944391677517643e+00
-1.901459792594669462e+00
2.782875346440447095e-01
-1.139926814793019272e+00
-4.366892882470221338e-01
1.197204117034811999e+00
-7.895931890205706294e-01
-1.847593180413188874e+00
-1.227546602748070148e+00
-1.422905310205606177e+00
-5.042773012864227855e-01
1.355084543292564003e+00
-8.289100596424417988e-01
-2.447958779662274598e+00
1.741218649983544975e-01
-1.305207668313334457e+00
-1.005286816853977250e+00
-1.359246020374532016e+00
6.923047783258554078e-02
-1.003634776348667934e+00
-5.929721068862938566e-02
-3.011562469058949865e-01
2.586564704223535682e-01
-3.519417921124413096e-01
3.139309358059383936e-01
5.687223671898535837e-01
-1.055764459568194535e+00
6.086000449257230605e-01
4.433113121053869343e-01
8.321197653943755990e-01
1.533338493105494749e+00
1.091152617561995219e+00
1.242508726369109473e+00
1.565819960061776817e+00
1.129021928559892141e+00
2.625871954193585989e+00
2.539141067647113226e-01
1.776777127925667221e+00
-1.654306778788742660e+00
2.910050230753881362e+00
-1.773417087753762944e+00
-3.852062452185552321e-01
1.623459825652848521e+00
-1.184749863706287432e+00
-5.265506815172011912e-01
4.399280181099442938e-02
2.310181923388356096e-02
2.218730279288332330e-01
-1.143854066274598569e-01
-4.182864057465165430e-01
1.035003236507739732e+00
-7.894132427087401094e-02
6.911302707043971427e-01
1.009240163880521512e-01
8.719487289329252988e-01
1.631856569760454123e+00
2.121118971920392227e+00
1.614825680669515595e+00
2.178616785722358173e+00
3.024484544188696944e+00
2.778593589224124472e+00
2.958822685322660906e+00
1.887366728977373009e+00
-3.015069759122191773e+00
-2.136772812450014492e+00
-2.871723709445608730e+00
-2.880306855023354373e+00
-2.016997397373995415e+00
-1.657150598067805403e+00
-2.672891580359625152e+00
-2.257414605589407319e+00
-2.805889617556552196e+00
-2.964506645636034055e+00
-2.470024399056803155e+00
-1.613890892076962569e+00
-2.138622392482560475e+00
-2.185837312546395239e+00
-2.064001922390535704e+00
-1.591048730710777015e+00
-1.731796445565798370e+00
-1.973318377774943233e+00
-9.936967282852934291e-01
-1.457860114366536619e+00
-8.717895943398079606e-01
-1.348292904851472906e+00
-8.938610997211964282e-01
-7.752353912301995775e-01
-1.177838280179797525e+00
-1.496797214936737563e-01
1.560936810249462792e-01
-5.215827127923647888e-01
-4.733573688417864744e-01
2.570631723353709701e-03
5.334911177460606169e-01
6.344155175334103003e-01
4.481084184436968654e-01
1.141125614366705898e+00
6.015601163013718500e-01
1.145395332662765497e+00
1.753950272883101791e+00
1.712904734901362414e+00
1.588782663966269659e+00
1.450120911981755079e+00
2.444291379985597423e+00
1.813791059668985906e+00
2.033164372006039944e+00
2.133234465209401964e+00
1.512721311561554538e+00
-2.857278049785444640e+00
-2.462575946587395315e+00
2.506226524759039176e+00
-3.131576841211313855e+00
-1.906613598161122747e+00
-1.171949415057227606e+00
-2.070929718104164152e+00
-5.826692199369624126e-01
-1.958871733268593873e+00
-1.134947334116415574e+00
-8.958280265543462351e-01
-5.199766660376273775e-01
-1.081745548585229866e+00
-1.138630395205496582e+00
-5.553858858906635110e-01
-6.638786573305023309e-01
-2.463881629177631927e-02
-4.031958605322725764e-01
-5.022971577774879015e-02
1.309915485695998472e+00
-2.224415977859906524e-01
4.007448860837687366e-01
2.211017725989508076e-01
1.501502222033736400e+00
5.767499130010254049e-01
1.957035186954569017e+00
1.358846581176994972e+00
1.874957295376582067e+00
5.702319327499142387e-01
2.273530957086339566e+00
-2.916605756102231162e+00
2.461828816501492323e+00
-2.889951297758364568e+00
-2.069348927867496801e+00
1.282984061679044441e-01
-1.732964545258808720e+00
-1.481854208307048504e+00
-1.153446318762900713e+00
-1.283758125310999088e+00
-1.816617744012088087e+00
-5.090349186337652654e-01
-4.727287764491507338e-01
-1.375545315717732198e+00
4.701942365091541509e-01
-5.937710529423040340e-01
1.555267437461719526e-01
1.859723570397535108e-01
1.234974906437389386e+00
5.600411804240245095e-01
9.121130500273819663e-01
9.716032278341223405e-01
9.521743875097690157e-01
1.978548810598811158e+00
1.846245164099851621e+00
1.652089229498475031e+00
-2.933249209499531940e+00
2.788273198223016891e+00
-2.967944966320455791e+00
2.934879070941974533e+00
-2.909787189969075705e+00
2.317860144185994287e+00
2.651080162601500589e+00
-3.456540920364351566e-01
-1.960537914917358071e+00
-2.145593391050974574e+00
-1.284647454409276968e+00
-1.236188449575739146e+00
-5.332924863809176408e-01
-4.400880199629821354e-01
9.224472160993530956e-01
8.308665341303943241e-02
3.647287506842914473e-01
-1.020368233792784851e+00
1.871566597309149538e+00
1.929799186331371486e+00
-6.216257154798664197e-02
2.221547052921543308e+00
-2.730401469689961669e+00
1.582117626617442374e+00
-3.122578284433370044e+00
-2.087854234369348916e+00
-1.136718080283196652e+00
-1.641511809621383877e+00
-1.694300415837694418e+00
-1.661434657476152488e+00
-1.240088059827298750e+00
-7.585629254949443068e-01
-8.818616476463170262e-01
-3.680202604677098033e-01
-7.898635183451913067e-01
-5.849583376570547388e-01
-2.260604089627160085e-01
6.486983382095194706e-02
2.392378884005953443e-01
9.220058964123925005e-01
9.026130685132501830e-01
1.681112086766553881e+00
1.545671888208210998e+00
9.918814196937960626e-01
2.013287852086029339e+00
1.787670958777579866e+00
2.120845805723573729e+00
2.209638404065452200e+00
2.193605859413880310e+00
1.669039647999512432e+00
1.502254092596004176e+00
2.263446574499688779e+00
2.591881074206259683e+00
-2.834856780820850464e+00
2.198068034646257551e+00
3.129851330278934363e-01
-2.915601485148389127e+00
-1.569896866745556840e+00
5.879346808803529445e-01
-6.532273208885199800e-01
1.241004682175568918e+00
1.210593023142363611e+00
2.786683561281078525e+00
2.499909382460619778e+00
-2.211264184835736391e+00
2.127817134210691907e-01
1.476730591654271674e+00
-1.875428663935918117e+00
-2.676202123301744340e+00
-2.991952248430426398e+00
2.170470021448465126e+00
-2.312262871896910266e+00
-1.428135199337942529e+00
-1.289209962817313926e+00
-6.604985155511838846e-01
8.868791688145063468e-01
2.390398453989700744e+00
9.587167477018087025e-01
5.250258031991552610e-01
6.141616354681752599e-01
1.447684567578718440e+00
8.866067917259279341e-01
9.188259495705566327e-01
1.389913468339180502e+00
1.901996387042427239e+00
1.885244433280902188e+00
1.920980957917555854e+00
2.249704631605018879e+00
2.106667546382853917e+00
2.642664398568079775e+00
2.777980928745241052e+00
3.034767007852387621e+00
-3.114153256175822282e+00
-2.777889493202390092e+00
-2.530047663138439873e+00
-2.043823367043303030e+00
-2.269301938156646603e+00
-2.560216943820016411e+00
-2.464636278098616629e+00
-1.290154913510847656e+00
-1.693920823686125399e+00
-1.855858306887218367e-01
-3.071378685314407053e-01
-2.152782802016481589e-01
-3.178772561866222701e-01
-3.294703412852755808e-01
-8.397613375599555230e-02
1.223321550518182282e-01
1.818859617414264829e+00
5.022637077323602872e-01
1.664527784121212939e+00
2.499712367337572516e+00
2.768850684377554217e+00
2.442537764361856212e+00
1.996532503716657692e+00
3.008953330090042844e+00
-2.919233603833451873e+00
-2.893312610507767335e+00
2.457293864384965332e+00
-2.493249938964857471e+00
-2.393205714585458388e+00
-2.512423737098879784e+00
-2.008529181189742552e+00
-2.485824761187047649e+00
-1.167712584263479902e+00
-2.092034244796835196e+00
-2.204652652409769154e+00
-1.480799045036230055e+00
-1.798387028355763251e+00
-1.316312754198353252e+00
-1.381242415841765103e+00
-7.871587016278095428e-01
-8.380157017361552496e-01
4.849220413225027171e-01
-1.576467491690153322e+00
-1.231960189337557354e+00
-5.895079534433839141e-01
-7.999891304901051159e-01
-6.878569536740040125e-01
-2.184107363606995200e+00
-5.352525344920618933e-01
-6.000896285151079536e-04
9.447688728857207563e-01
-2.347035123541015358e-02
8.556567979372731170e-01
-1.809285304066769740e-01
4.548741976195822545e-01
8.395789878584739574e-01
1.449986352509574417e+00
1.297745328628133521e+00
1.215095718447573692e+00
9.502231760505334135e-01
1.706164837039003679e+00
1.567599078195770268e+00
1.534284526093099510e+00
1.667644839927230116e+00
2.812739113353091458e+00
1.902496678741266933e+00
2.682069856672263608e+00
2.960691988065379032e+00
2.749572639804245711e+00
-2.906507377210115095e+00
-2.842750563155819421e+00
-7.461920696267124731e-01
-1.814084217211413552e+00
-1.765947436699974338e+00
-1.291363205594644459e+00
-1.524405544856847650e+00
4.772174388780510146e-01
-4.135221845515135719e-01
6.347489700970663229e-01
9.193206308853386632e-01
9.125968016500284330e-01
-1.667811078972460503e+00
-3.113498277777748680e+00
2.204178830537608658e+00
2.166136526508335436e+00
2.770696323545984718e+00
2.642651876989444037e+00
2.659305373319454713e+00
2.211541394799995341e+00
-3.079074296295628344e+00
3.090618230325043125e+00
2.969046451602673553e+00
-2.856175767994441284e+00
-2.137393413610602089e+00
-1.703363429462104284e+00
-2.528466665722932660e+00
-2.816187502631809281e+00
-2.864119469475855162e+00
-1.878865625899187819e+00
-2.685230426957706307e+00
-3.054739510203241970e+00
-1.373094562618611070e+00
2.590176492673356812e+00
-1.133455548142474401e+00
-2.727409868110505897e+00
-2.183539375292839591e+00
2.388076877073410209e+00
-2.459391111721664025e+00
-1.370633446043737491e+00
-2.537420294524813436e+00
-2.400698653921489623e+00
-7.787097476930341378e-01
-1.159375857827255940e+00
-1.884741924792233680e+00
-1.900280618286694256e+00
-2.003352023356426148e+00
-8.763298697621132449e-01
-1.281679039667742437e+00
-1.755299003499264598e+00
-8.554364858573444419e-01
-9.909238990724810181e-01
-1.660737039412976124e+00
-2.100258501375602105e+00
1.300547892766124036e+00
-1.271198103872864527e-01
-2.489894888883828761e-01
5.052458909569876866e-01
1.607580436280050318e+00
1.361491788246684154e+00
1.643508395192753602e+00
2.996353482894299702e+00
2.252650921452990840e+00
-2.496212127692714056e+00
-2.482577917514634080e+00
-2.598348472533313469e+00
-2.208622260914727242e+00
-2.440401966683559021e+00
-1.652954900336492061e+00
-2.425952617530739985e+00
-9.507124881414080741e-01
-1.786172587153654456e+00
-1.648910818582077109e+00
-1.378235879625051563e+00
-1.195146364429247932e+00
-1.174723036067720328e+00
-1.093732311053607464e+00
-1.245426935327717199e+00
-6.610963403563903107e-01
-1.126900476522318950e+00
1.461616909329386704e+00
5.633102467129238455e-01
5.511896064980811305e-01
4.837898435980829692e-01
9.510890919952539324e-01
1.994730366426636259e+00
-1.339263823453978652e+00
1.384039443741079678e+00
-7.443110390522398312e-01
3.129176502872299981e+00
-2.164744885823452147e+00
1.593804130328643487e-01
-2.204574674357647535e+00
3.141335005619056098e+00
-6.099730256994185806e-01
-6.586279930153589035e-01
2.125774013227496262e+00
7.286322603190842351e-01
-5.522957564706051370e-01
-1.552890934147706514e-01
1.078053596234664457e+00
2.751465037399229430e-01
1.345871726558946824e+00
1.773494647212964903e+00
1.338590801980222844e+00
1.216288671400306720e+00
-1.281241065326820472e+00
2.532301596544466182e+00
-2.539775571243770624e+00
2.058620476864324367e+00
-1.424218295063878204e+00
-2.094725956808763279e+00
-2.348794411570771956e+00
-2.527083630520991608e+00
-1.089772894042841944e+00
-2.422270839600516812e+00
-1.063515546696853775e+00
-2.305319194094886281e+00
-1.804322548476106736e+00
-6.855849898089569905e-01
-1.418247268446374276e+00
-1.345238323644606160e+00
-1.607524714228150575e+00
-8.307423504650753854e-01
-1.060905276569438005e+00
-1.049621180891757488e+00
-4.267855307930831232e-01
-3.843118948716708894e-01
-5.952250459699560681e-01
-1.281346816844498304e-01
4.684009935738580599e-01
-6.535392658910366137e-02
4.220960910266056965e-02
2.149980369872368791e-02
2.380846141084273226e-01
6.844345064014419888e-01
2.441599862223681472e-01
1.677450803214752373e+00
1.254882563473372681e+00
9.546494212446341443e-01
8.411106509652693797e-01
1.159042179734001365e+00
2.093559702474466544e+00
1.742716044155607102e+00
1.892408664960730347e+00
2.685417621988985815e+00
1.981780606268781275e+00
2.363426173630675198e+00
1.905409489074936680e+00
2.882270212617486393e+00
3.080615249775454867e+00
-2.770713567273721978e+00
-3.002425227329437618e+00
-2.230019453835119236e+00
-2.538853193978932055e+00
-2.486687841516316499e+00
-1.459844854778830747e+00
-2.106965086650901320e+00
-2.229345346241014436e+00
-2.328944109114693684e-01
-1.669730850591932825e+00
-1.234091883512361321e+00
-1.374968736920564094e+00
-1.599587816757018499e-01
3.310046314154798108e-01
-5.569427614052842035e-01
-3.867462125196039491e-01
7.471419541273093268e-01
-1.852719567372764331e+00
2.493805747249222549e+00
7.957930731415626679e-01
1.696265710223555878e+00
3.137756879065242366e+00
-2.512138302928725420e+00
-2.059579145448681814e+00
-2.321594046006850931e+00
-1.709775837902716589e+00
-2.232344819412118930e+00
-2.223769225777465941e+00
-1.444754802008413108e+00
-1.156283344766514620e+00
-1.644933254373434295e+00
-1.344528166898447230e+00
-6.570475931174977191e-01
-1.456275860168348535e+00
-4.834211506056543817e-01
-3.526919491111371041e-01
-9.027422351163971737e-01
-8.556615003080283444e-01
-1.818576071349937484e+00
-5.276753981992238218e-01
-2.941038017421557793e+00
-1.324621014405700237e+00
9.682423741424612817e-01
-9.997879566116549266e-02
-4.375362616493287948e-01
-3.105145811682612500e+00
-1.143905448540565528e+00
2.652529534708472081e+00
-1.304370775297543306e+00
-6.235168627448415268e-01
1.775645118305661241e-01
-1.424719014094469882e+00
8.563863628070060574e-02
1.867984490154463439e-01
-1.002306009601315440e+00
6.867456672549646646e-01
2.657135660602079508e+00
9.493567580968258202e-02
1.152350216344797396e+00
1.277700692564624763e-01
7.969418924673256077e-01
2.791604225852676535e+00
1.063459975181590300e+00
1.520423046581518500e+00
2.137475246304238574e+00
2.008398122129358754e+00
2.376313511994371908e+00
-2.533584917638431744e+00
3.082810832317413041e+00
-2.732711025962325291e+00
2.514958681590421907e+00
2.976388372255534431e+00
-2.356316093189388727e+00
-1.687679085923577516e+00
-2.751555286314458115e+00
-2.535935680000575676e+00
-2.610009033740970708e+00
-1.119360663362351405e+00
-1.299676214277264874e+00
-1.641963859129017322e+00
-2.651311324189756236e-01
-7.014853853840621323e-01
-1.014276372270056292e+00
-1.041012837148839854e+00
-6.133571147738370311e-01
-3.293591096748521019e-01
-4.677763054308350932e-01
2.051737979090479946e-01
2.394240524046497565e-01
7.612453523013675005e-02
1.811642110997664146e+00
-5.622922914006334150e-01
1.356861234454320719e+00
7.439796312144342227e-01
1.058120012263840337e+00
7.596475123939163687e-01
1.976039884515394807e+00
1.459436529261175286e+00
1.737611785799907604e+00
-3.125941234831836724e+00
1.724185716018705072e+00
1.559185324372620585e+00
-3.089895693300022561e+00
-2.321063523729093081e+00
-2.936444502847173954e+00
1.594457921481019058e+00
2.007682673619547664e+00
-2.868665756680924162e+00
-2.951223831362054018e+00
-1.429766082988648712e+00
-1.106926809557399638e+00
1.843614408778244007e+00
-1.479554127200513269e+00
-1.408809181706736524e+00
-2.767502652720986056e+00
-1.392711662269146444e+00
-1.616696597701641869e+00
-6.825400654786764054e-01
-1.049465001938267861e+00
-1.414994890735264743e+00
6.067903641318957986e-01
-1.747530404637752388e-01
2.172583616507851367e+00
-1.777870834426429569e+00
2.607648681558953907e+00
-6.406595494731239793e-01
6.279064516285104425e-01
-1.375501019189368179e+00
1.321920004412196814e+00
-3.818200165102089011e-02
-9.343762897222021024e-01
-2.590576914816729914e+00
1.737603758787185093e+00
2.510675266212067047e+00
3.094707337685164816e+00
-1.678763912891300530e-02
-7.066897582647809761e-01
-1.585833494889595796e+00
6.810903152951000017e-01
1.100761952144708289e+00
2.345024373785124183e+00
4.596555280881273742e-01
-4.422323778389643523e-01
2.833781379202898520e+00
2.151718860598877736e+00
1.654266662258516929e+00
1.161545820661363582e+00
-2.292983806912293865e+00
-2.858902494193726884e+00
3.054206868203035885e+00
-2.813360006078736930e+00
-1.482573323671842136e+00
-2.219884709237141873e+00
-2.687230732718812742e+00
-2.352542357121278904e+00
-2.550406355532945479e+00
-1.672525568287236419e+00
-1.913598136848546627e+00
9.085376639144464583e-01
-2.670682889581939445e+00
-1.958791616558779092e+00
-1.862003536022418970e+00
-1.977785292297496555e+00
-1.678743416747733530e+00
-4.737187893695258278e-01
-1.721692288525357384e+00
-1.928472608520348075e+00
-1.690963527987218606e+00
-1.134538314829093286e+00
-2.101102268035264675e+00
-1.270811126400107405e+00
-2.146044216822073469e+00
-1.231084374934970471e+00
-1.445131944707724880e+00
-1.456274504164926098e+00
-1.379451807526435481e+00
-1.177525098088088029e+00
-1.198654024002031804e+00
-7.165293472260048091e-01
-8.238397019158155699e-01
-9.212136246882740576e-01
-4.028582382569665943e-01
-1.101792560382671038e+00
-5.023868999893551512e-01
1.632753218894740455e+00
-1.014058989537163086e-01
9.678729105088952622e-02
-1.204998001594238533e+00
-9.264068416322285282e-01
-2.300641894554843248e+00
-1.698312185598957358e+00
-1.948362541952461724e+00
-1.033873997257405808e+00
-1.527029632014361038e+00
-6.433059906259294136e-01
-4.100532210232221142e-01
-7.293973013039585229e-01
6.297519970208341478e-02
3.868624641796510055e-02
-4.907195716974446231e-01
-3.466865457180144938e-01
2.945160353395850361e-01
2.209755186713711350e-01
-2.581168916748438277e-02
4.263093795297655531e-01
5.778838421185336083e-01
8.218873713539041059e-01
8.711771076630795418e-01
9.831624750875693763e-01
9.889785290887751490e-01
4.884989073382174918e-01
5.695887351659362219e-01
1.242879352287680428e+00
1.472903696817017494e+00
1.490708984669454118e+00
1.759571399638856448e+00
1.783280666439067019e+00
-3.117304660191880128e+00
2.253972646937810076e+00
6.514562491134507916e-01
1.742239114263383071e+00
1.705316826629048377e+00
1.348644841576534859e+00
1.877956998243837328e+00
7.766410569399803121e-01
-3.264411137408204655e-02
5.091286082872866769e-01
-3.078882710260697930e+00
1.432039699929089416e+00
2.281361580672597977e+00
4.971425140483557437e-01
2.485461042578897217e+00
-3.075801384712568698e+00
9.857793647274393223e-01
3.007216424136849753e+00
-1.618348739240375922e+00
-3.073304291240587904e+00
3.925363118831761700e-01
-1.395630250226831959e-01
6.503967513972448433e-01
-1.797302754762278854e+00
1.878460354476755301e-01
-5.338779488212446189e-01
-1.374587259041339105e-01
2.609677174802280120e-01
-1.185050289630726006e+00
5.308540497957483506e-01
6.911915225611764413e-01
2.099319581027863646e-01
7.621043119712730407e-01
3.986950497287779505e-01
3.809023260194808747e-01
1.096781145521264600e+00
-2.774647231020086036e+00
8.788749438878742382e-01
1.074807397532014708e+00
-1.006191101252175590e+00
-2.978131044508692815e-01
1.419792156667762040e+00
3.714701772740784669e-02
6.424995639695323391e-01
1.579957770396258343e-01
-1.411515323606110095e-01
-3.831271997186736500e-01
7.189784072323203157e-01
2.778737126448977524e+00
3.116328849437365739e-02
1.346500391876968017e-01
3.341156298927985824e-01
1.193452583495717922e+00
1.488977364695474259e+00
9.032237798192599421e-01
1.560622381465925246e+00
8.674194824482042154e-01
1.342181669624166407e+00
1.687239281342513442e+00
1.627041409021934282e+00
1.786760932145552205e+00
8.289397718878139809e-01
1.511408423176068494e+00
1.702756471766452950e+00
2.874493784819560638e+00
1.296805554152033801e+00
1.035700701436818028e+00
2.979122492569870495e+00
1.303168060315240018e+00
2.511997405703493946e+00
8.857079562225281810e-01
7.459637221415564845e-01
-1.222120238709292872e+00
1.201677391291328112e+00
2.462084237525072883e+00
-1.675740758349778758e+00
1.752754943085457429e+00
9.730505901430611670e-01
2.558330997205075619e+00
6.207853191052810082e-01
2.002836077656734215e+00
2.980356250300620680e+00
1.764572437957359963e+00
2.537304407529918926e+00
1.369054287348324683e+00
1.803031019669371515e+00
2.012392648078268120e+00
1.383595307400190766e+00
2.426684681865844961e+00
2.923016377409814126e+00
1.150265221559030104e+00
1.634853458169644558e+00
1.125616573396851505e+00
1.874106920297099244e+00
2.140360286542470902e+00
-5.441548685182486800e-01
2.485474854406933609e+00
1.510419892712186352e+00
1.638866382659032617e+00
2.797268164598030626e+00
-2.885714518449582044e+00
2.028414604669637633e+00
2.475096973999436401e+00
-3.000699324658769651e+00
-2.709439092079060973e+00
-3.023314744356241146e+00
2.909010983811855411e+00
-1.427759449910227740e+00
-1.537666619864180628e+00
-2.990673632753477751e+00
-2.117332228163996355e+00
-6.911890559987181604e-01
-1.990468593038144718e+00
-2.288815769916436316e-01
-1.924830439444693286e-01
2.686547409651256935e+00
-8.775819583482485919e-01
-7.488850009176860334e-02
1.720735307702532024e+00
7.089563059892269870e-01
2.081225189727437641e+00
1.172909100222319756e+00
1.623442543041151209e+00
1.306188368810014211e+00
1.568710735419092117e+00
1.999863655983912247e+00
1.990574178971751929e+00
2.421385038242504173e+00
2.969400948602617607e+00
1.806718637884118239e+00
3.112954608200612761e+00
1.553221418576612445e+00
8.696442431758372171e-01
-2.542906157197899031e+00
-3.041262929296348005e+00
-2.943616229059369704e+00
-1.540030144382578348e+00
6.932571253192079119e-01
-4.961961294820686486e-01
-1.057462922063582722e+00
-5.796924162016177384e-02
2.949790313688934962e+00
6.239931552236145373e-01
-1.330978646577875457e+00
1.834142583477839983e+00
-2.311160910827936288e+00
2.734362283396647886e+00
-1.963872291894743105e+00
1.367057361451531339e+00
-2.332486637714658251e+00
1.371709743475056364e-01
-3.079718913044542927e-01
-2.931335295009163566e+00
7.053356321092676406e-01
-2.703172026773580594e+00
5.418399233320218000e-01
-2.329942495896362153e+00
-1.452545059940632433e+00
2.343877852115208160e+00
7.836989680082036003e-01
1.621655882895522094e+00
2.975416127550706058e+00
2.842154380465833352e-01
-1.396094855745834695e-01
1.284469303513543714e+00
5.511663762504275255e-01
2.039475494795949917e+00
2.425672951785239562e+00
-2.558475751374404972e+00
-6.857076229147920365e-01
2.281828155883861786e+00
1.071664896084054686e+00
7.914547003161995775e-01
8.734506109191970680e-01
-1.668574643170142924e+00
-6.433847432461783367e-01
-8.369834467115897514e-01
1.380032260905028396e+00
-2.178091139782679431e+00
1.180278322659090717e+00
5.419672758050557704e-01
1.787172092915698007e+00
-4.915342799133848306e-01
2.885304902396051419e-01
2.415209878515530706e-01
6.084571904360752681e-01
8.962966817428285049e-01
6.707848706089827306e-01
6.448158558027504705e-01
7.577931629595801022e-01
2.016165703494019024e+00
2.055396234349801343e+00
1.086701285055232891e+00
2.172271667647694304e+00
2.189896546180452874e-01
1.607478875094159543e+00
1.784413087733461412e+00
1.885238735053383019e+00
2.117579367033012083e+00
-1.356598506355096712e+00
2.290704754922457731e+00
1.244832411952098594e+00
1.829092728901403397e+00
1.422318744998183115e+00
1.253846526924437210e+00
9.984394941249828959e-01
2.964098458027412342e+00
1.617206715286557461e+00
2.095737312654785800e+00
1.683029836291055181e+00
3.092395755449622641e+00
-2.716172309094039949e+00
-2.681263756092950423e+00
-2.319551968153669819e+00
2.342300342171586891e+00
1.157508845214141324e+00
-1.176995752698037689e+00
1.010180348906710747e-02
7.897880774360188649e-01
-4.980861140770259099e-01
2.579533420704587243e+00
7.237708108063406476e-01
-1.137338545364218953e-02
3.008206384957346380e+00
1.965396805663785385e+00
3.285627835075373704e-01
2.811430384529884918e+00
1.786440624152592527e+00
3.101777349269378092e+00
2.114329778423982731e+00
-2.648527767984300230e+00
-2.603085505450199566e+00
-2.837367861967390770e+00
2.795028894941263164e+00
1.099898421646656965e+00
-2.579906717256338133e+00
-2.477170176826151149e+00
-1.615462155943319766e+00
-1.595311506471781771e+00
-1.566803147475845925e-01
