1.837848322430889886e-02
7.314727672405690884e-02
8.577870020868914869e-02
8.079607919602441179e-02
6.228763101451056765e-03
6.561523233673208222e-02
1.008434573855408606e-01
8.607274840777379143e-02
2.668653507210421230e-02
7.848903507757412634e-02
6.830789567532175033e-02
6.810766305899287887e-02
1.314037452988546795e-01
5.849421554143392071e-02
1.629491549233019476e-01
1.196588800052080098e-01
1.557434337454906004e-01
9.074772884552825825e-02
1.010968222675101280e-01
8.350377691970350957e-02
3.823542842051881607e-02
1.289040401639939271e-01
1.634751338103399287e-01
1.299025747442116019e-01
6.495372021185215339e-02
9.948535976176899054e-02
1.583597112680895092e-01
1.216345594688068299e-01
3.532666899835917168e-02
3.186225321248790932e-02
5.296139263352815651e-02
1.218153634258008905e-01
1.262425037010576345e-01
1.057152811241011264e-02
1.046384740707099192e-01
5.676042836211473569e-02
9.806021093928775356e-02
1.170173959632380134e-01
1.583022133490896016e-02
7.345378766661596337e-02
3.120630340657917778e-02
7.836418495945435270e-02
8.805651981315688881e-02
1.201827902033824995e-02
3.539682972433488145e-02
9.848634909397209480e-02
1.126916666511368903e-01
1.302209383164532053e-01
4.305029481936731989e-02
5.747527191522495971e-02
1.169988376022857018e-01
4.466737531357529295e-02
1.017798031677493303e-01
1.730711636546079096e-02
2.587842744465388214e-02
3.804403510585258053e-02
5.651509397477853802e-02
7.940716352972690406e-02
3.276070316539681643e-02
3.867957777756145243e-02
1.171113536099616104e-01
1.105388772589946909e-02
1.136182578386709247e-01
6.672044171343656516e-02
1.242464297180630867e-01
4.618356979956184105e-02
6.088049246326023012e-02
5.026461347453881068e-03
9.062562932486181722e-02
2.105080650301893730e-02
8.204271320295956904e-02
7.619713496679880738e-02
1.363089467916421826e-01
2.316645262574293374e-02
4.098509269424253920e-02
7.429706838671916447e-02
4.909027730407390655e-02
7.337826596155623549e-02
1.193574185764436357e-01
8.036489515484804280e-02
6.565383363125730509e-02
9.152194543811437155e-02
1.197676787446245450e-01
6.668148185052522048e-02
1.767743868295922061e-02
1.169781057123115420e-01
4.393298297623394327e-02
1.508195705267420805e-01
1.000672925240751188e-01
1.048438626196224882e-01
7.947363601420202872e-02
1.333641356777369447e-01
1.174108130486250512e-01
1.331520801104461305e-01
6.736114589855687895e-02
1.296762066139718617e-01
9.402397179963097040e-02
1.254549631994863745e-01
7.648869961396823069e-02
1.463303240303620023e-01
1.732736308496608257e-01
6.585813749703117725e-02
3.424400436110959511e-02
2.630350627365772923e-02
9.448367204324843727e-02
6.994334340416209772e-02
6.882086776198471922e-02
6.135955109807043895e-02
1.041559158903120619e-01
1.053148183291387902e-01
3.734621914513593099e-02
1.419155444502432362e-01
5.760915385273861905e-02
1.337476085355767674e-01
1.430570367112550256e-01
9.732363328421646254e-02
1.031365254852396052e-01
9.191311183099538928e-02
9.520539186488614913e-02
1.086238382492037691e-01
1.643823903239720607e-01
1.033927681057871840e-02
3.818906545245481093e-02
1.037564107594017987e-01
8.912940319037122860e-02
5.276482953599463677e-02
9.475938911284061128e-02
3.489442130523376373e-02
4.212146836136063111e-02
1.241431529396380268e-01
5.225999340097826906e-02
1.097601584635705396e-01
1.154278120293483617e-01
2.805544509019487417e-02
4.655584725689548148e-02
6.561562548374268167e-02
6.346092382773178830e-02
1.198960365789707022e-01
1.294449637318816348e-01
9.399018109415818722e-02
6.155900629602725771e-02
6.389050493394125840e-02
7.512986799958734641e-02
1.008139982427293524e-01
3.404280437807706561e-02
1.356591450201221627e-01
1.384747451860633416e-01
9.307609179299841662e-02
1.011692447679209544e-01
6.279837218447215097e-02
1.144002461161068018e-01
1.533690199334329929e-01
1.697510197524691733e-01
9.807550275889836966e-02
7.768204245552702558e-02
1.319656531471356808e-01
2.137601083337465624e-01
1.449213284744629848e-01
1.781237094362764783e-01
1.553700517526753755e-01
1.870290345012049493e-01
2.066969716791382805e-01
1.873329631006005191e-01
1.402048003372686202e-01
1.508210100153408173e-01
6.901851787398095850e-02
9.285006840472817546e-02
1.154222443119456154e-01
1.361457468821450079e-01
1.352498484620404950e-01
1.313337288082959964e-01
1.846075889380180968e-01
8.976098501621691816e-02
8.392166880223077274e-02
6.397853222734074807e-02
7.931123874490908499e-02
7.605650465363962553e-02
1.422157872059149064e-01
4.551434266530996614e-02
2.196772387839994109e-02
3.944402883587894149e-02
8.728325253569578501e-02
1.097552141094896988e-01
1.376968936679266453e-01
1.036917589619319874e-01
7.261678454901614177e-02
1.391493618033770308e-01
1.100809577333766998e-01
9.779499074031387795e-02
8.152671366423699939e-02
1.321771864258570461e-01
1.557853978946989737e-01
9.004260237524297494e-02
1.202267643810977227e-01
1.275934376262466141e-01
8.030829363151512079e-02
1.697919483234038573e-01
1.267957431202118568e-01
1.246083765670214227e-01
1.021892136445658322e-01
1.438126955061682921e-01
8.481751499395612237e-02
1.523944409688492985e-01
1.358998156655784675e-02
6.361073212024555279e-02
8.877431289909534784e-02
5.316138571304711291e-02
4.712573885219834002e-02
9.296583609373862411e-02
9.084009218878584535e-02
4.030915162799419277e-02
1.299099315937103649e-01
4.876585852576235253e-02
1.360235999366131987e-01
1.305654218787520859e-01
1.217808752465273647e-01
1.489937232640676790e-01
1.086675582211664437e-01
1.114477800991377499e-01
1.145655405465256932e-01
5.954732823744159076e-02
1.003988058409256146e-01
1.817412783941696197e-01
8.643142139979652361e-02
1.214893288095508089e-01
1.514732753367319940e-01
1.822241754065287989e-01
1.533039126114195405e-01
1.052253970607114619e-01
9.898526998391402043e-02
1.349276304260492998e-01
3.258321085745381068e-02
1.408281848227109501e-01
1.355117957233534787e-01
6.935123681867415291e-02
1.708706354965339180e-01
6.650494659577410594e-02
8.264735133006095857e-02
8.832194864819216396e-02
1.349658872503751647e-02
1.028984821981223235e-01
2.960037841241527912e-02
1.295486632878358746e-01
1.128696581090944256e-01
7.654110265999837515e-02
1.165824223298698864e-01
1.030461299208143694e-01
1.432331413749449167e-01
4.459905710962153158e-02
8.179559776416027439e-02
9.917226747881792426e-02
5.480512691994270102e-02
7.753856223221763933e-02
2.756325286747077913e-02
2.748616619561683808e-02
8.390443740851333265e-02
7.540809640491032140e-02
6.698397144333238795e-02
6.944862318205953511e-02
1.127789435330072698e-01
1.260868737345749169e-01
1.910510291559718021e-01
1.480950877114329545e-01
1.258543377682764530e-01
1.252100370999646994e-01
8.398038297578276634e-02
1.296546869895484067e-01
1.224277384521198914e-01
1.434958088321064418e-01
2.067105420850504360e-01
2.411059007076379601e-01
1.419951425690857971e-01
1.836064755902786227e-01
1.891380485797693467e-01
2.050482653582304249e-01
2.315283550876555685e-01
1.606076020148975991e-01
1.618799333083752456e-01
1.133072490769821555e-01
1.053044004626631364e-01
1.331666736575995158e-01
1.058972191275052016e-01
1.934299984124087102e-01
9.674280467269841255e-02
9.823786607530306247e-02
9.161274423838358660e-02
3.867810164476395002e-02
6.186070409353548738e-02
3.865908760542364347e-02
4.850872663626818598e-02
8.511259001944111724e-02
6.924268923881242432e-02
7.302593558561618070e-02
5.045556942690797991e-02
8.433097198788694349e-02
5.546573626655553618e-02
3.057908974596997009e-02
3.754928937341037165e-02
5.068402425657898835e-02
5.469698375551055453e-02
5.099871195765110637e-02
5.745512337662717073e-02
1.163437396484601205e-01
6.332994294409512170e-02
4.821616395962680102e-02
7.826935401196462305e-02
7.619299744816608599e-02
1.573579755404812611e-02
1.746133567261123551e-02
1.930907280610723586e-01
7.767622214740418918e-02
1.640998946990120944e-01
1.459936037428055111e-01
1.669173808121415803e-01
1.711517219259172384e-01
1.379791485755566260e-01
2.111226310075264845e-01
2.085217864641905061e-01
2.053879335484608548e-01
1.781610158905208574e-01
1.927955838759063956e-01
1.983413847947770037e-01
1.401813475168750545e-01
1.627958336219005597e-01
1.534590918006306370e-01
1.599828883086436282e-01
1.629589967039613008e-01
9.228754825367312120e-02
1.049959159492059035e-01
1.822924622200663147e-01
1.416014235291473966e-01
7.084377001346159330e-02
1.435245755176388638e-01
7.750568427970598584e-02
5.301918853696212935e-02
6.291005554580159087e-02
1.242606297707291862e-01
9.028238178152954430e-02
1.131707566066115500e-01
1.072199720577259388e-02
5.980873695826152692e-02
1.196853209254129524e-01
7.434503224830295298e-02
9.488367374621634043e-02
1.292527446204850272e-01
1.565855803184509898e-01
3.053998058942200208e-02
1.333817805512846622e-01
1.562297803192548851e-01
1.650586576418710538e-01
5.780370120415549706e-02
1.133120205712121464e-01
1.471873110104301441e-01
1.357427914206496833e-01
8.953912423992509140e-02
5.867568761814784956e-02
1.026650170051587180e-01
1.747300118695011284e-01
6.735643986923842141e-02
6.787048511879857637e-02
1.255882069949071089e-01
5.460499461326771831e-02
1.762125668196871386e-01
1.338159732165759563e-01
6.254151276901236123e-02
1.666509969124403343e-02
6.456811871209870712e-02
9.713516460485012438e-02
1.233754302855154389e-01
1.085150439596463678e-01
9.606818526096794209e-02
1.302971656710628368e-01
1.638711444500824121e-01
7.916267065626726718e-02
1.282133548907760656e-01
1.114027014788197545e-01
1.551627094498517767e-01
1.116549487279142605e-01
1.354707514480512354e-01
1.571240467072147068e-02
1.450757762551503072e-01
1.890750887683427250e-01
2.024607693612457682e-01
1.163264478825341564e-01
1.235599941332072710e-01
2.076986849998882778e-01
1.029515062821019789e-01
1.228841397858760759e-01
6.710783943101382432e-02
2.117792415803626815e-01
1.257333816399314463e-01
9.896191977649715366e-02
5.181887261526792882e-02
1.029006803984466867e-01
2.434299795805214967e-02
5.059088801837836880e-02
8.148096637725127378e-02
2.367551720447751834e-02
9.396229871537681300e-02
3.718423251945487257e-02
7.805170976818062711e-02
1.125077312976009020e-01
3.664723982655308104e-02
4.241161961658880541e-02
4.944921470122352891e-02
4.451593143293737509e-02
1.715203327860835847e-01
1.147603699265975913e-01
1.410875596720775338e-01
1.132178373217577749e-01
7.789436802825319694e-02
5.680822950296795376e-02
1.903925964733114429e-01
1.064273661353537653e-01
1.294956811548147735e-01
1.257362214127895617e-01
7.536996364574644058e-02
4.507563784265788964e-02
9.954318840744380559e-02
9.310739932721968926e-02
6.902710199810083158e-02
1.748108480468408416e-02
6.359037530287633966e-02
8.364521670124372421e-02
1.184196993244187035e-01
1.170143619290669734e-01
2.713995804881336876e-02
6.137798460023406732e-02
6.429421593604305041e-02
5.195090707650055345e-02
1.484376818408299215e-01
7.840115786767029582e-02
1.459794788677230559e-01
4.800240995577409464e-02
8.717035834068689870e-02
7.558635070711909598e-02
6.597474317923353315e-02
5.012020750421079113e-02
2.097520609356009688e-02
1.107519813061979969e-01
2.021205007508475870e-01
7.256330659489766688e-02
5.388295917737574714e-02
1.054545672221075953e-01
8.046919468559746158e-02
4.377094072067142655e-02
4.314000332006952265e-02
1.249250111509716821e-01
9.627144952445454429e-02
1.069084362598595184e-01
6.844193902685356823e-02
5.608304826552944905e-02
1.137404395621773728e-01
1.286949410966974350e-01
1.193647905396159892e-01
1.296970948691914260e-01
7.882906992585576866e-02
1.009294462665434461e-01
1.300710320708285128e-01
3.847455743020477409e-02
1.094191994509751270e-01
1.099130495394934903e-01
3.993200255328674397e-02
1.129700390252189740e-01
1.001015730121104091e-01
1.010550852120492837e-01
1.626546540965333465e-01
1.403973945945138913e-01
8.617150401536181892e-02
4.365718136350257850e-02
8.808206865199513791e-02
1.446354522194970016e-01
7.708061481573891260e-02
1.087292559991672319e-01
9.466454441982349866e-02
4.412100515066309098e-02
5.717458923437340051e-02
4.523289588454592475e-02
2.252996855643382354e-02
2.447406234945594117e-02
6.167890705966006665e-02
4.044328304818328029e-02
2.640524210126671267e-02
1.263748832613559303e-01
9.601791880113504096e-02
3.640759289404448679e-02
1.182883116621252784e-01
5.453017274169195960e-02
2.680214337323895760e-02
8.829208601921061106e-02
1.283173002524386208e-01
7.287251149391828220e-02
9.672159951668839184e-02
4.380581699528519890e-02
7.029605974966664228e-02
9.147468038133961532e-02
8.568324675684078906e-02
6.034447702976568351e-02
3.940312315716799907e-02
1.695383825226787211e-02
7.019194825661330406e-02
5.352078352236700615e-02
7.959344831750829463e-02
1.214223342996519212e-01
9.812961442337776730e-02
1.427682265435068487e-01
8.104518709594157530e-03
1.007102688044833050e-01
1.332655726573218624e-01
7.821301149115884865e-02
7.531451712548364874e-02
1.337671281636463594e-01
1.059266763559188335e-01
8.072077556069164050e-02
2.898760815393518556e-02
9.070650462958192162e-02
5.400530392575172284e-02
6.602961873793336545e-02
1.084545487019171750e-01
7.469238379303304309e-02
9.931053542757156682e-02
1.180711899280370569e-01
7.328175954307847295e-02
2.522749460090467979e-02
1.640980877553641359e-01
1.152715927833144749e-01
1.706853034825114857e-01
1.001698584394669078e-01
8.654285102222045167e-02
1.233847857663306902e-01
7.364958682867274453e-02
1.050121129471990183e-01
1.293736552319692534e-01
8.862905190305075953e-02
7.667100609105748088e-02
1.342373440156571229e-01
1.573807972105697450e-01
9.637857757175970208e-02
1.237486675495944183e-01
1.633075943206460101e-01
1.029597289972999513e-01
2.191133496869385466e-01
1.675527586009060155e-01
1.133494438674709226e-01
1.813861209586523915e-01
9.604764252604776342e-02
7.920733707868145290e-02
6.929651947601681017e-02
1.672209082271268743e-01
1.188602030886947158e-01
8.940312996788842004e-02
8.055341683868220970e-02
9.425426070018880220e-02
1.004397564640987367e-01
8.283197899245088591e-02
5.170179271798044235e-02
2.332132866973039495e-02
9.322396827520813833e-02
3.127300535800731779e-02
5.373528816327795971e-02
7.731147550418597525e-02
6.943084906294412495e-02
3.774055894116143395e-02
5.380864031235426531e-02
8.491461433743777154e-02
1.019354362228240968e-01
1.423316941636559863e-01
1.142326266328012319e-01
8.180914966914343278e-02
1.242598520375710058e-01
1.329386917709287907e-01
1.373066133778945708e-01
1.431795856187975391e-01
1.107023924897903300e-01
1.861833771981204200e-01
1.600304069099849902e-01
1.231855229215625819e-01
1.045061322544102306e-01
8.648860768250481168e-02
1.069627828099324607e-01
1.013945198700032108e-01
8.937641192400515300e-02
8.282013937123457181e-02
3.176505226106169505e-02
9.262310884003589762e-02
6.045777107702939718e-02
7.120354138265753974e-02
3.589813122281979019e-02
4.162628489765681644e-02
3.636912519206954297e-02
1.737749213334265422e-02
6.603237356416136183e-02
4.426309197461453931e-02
1.254899956443808751e-01
1.925718879669658865e-02
9.476349655348127732e-02
1.093407053013101815e-01
3.608186885188517656e-02
1.002584623608774317e-01
2.354475530594718133e-02
6.558301706510250018e-02
9.368309675852121154e-02
1.448918712181544721e-01
7.545120678856503948e-02
4.609097087767219381e-02
4.815982716505778916e-02
8.293996429095597256e-02
6.925745231653450407e-02
1.612628136366061338e-01
1.446432418169057987e-01
9.223901563370656698e-02
3.447501683149222645e-02
7.496171406000960713e-02
8.783180307978534496e-02
9.671441115527151799e-02
1.092979842465415796e-01
1.647815176006797167e-01
6.959300170700435939e-02
8.627503908881996308e-02
7.956952704224388995e-02
1.051859780449893728e-01
3.937404668023437165e-02
8.677755109617650564e-02
1.228737541908809655e-01
9.658745228125378834e-02
8.216895609802982170e-02
1.228659365913229717e-01
1.564972155829325584e-01
4.600170473317641978e-02
7.434457462564732222e-02
1.395451860964516677e-01
1.700078908108279552e-02
6.685818395975447193e-02
2.954440841548619523e-02
1.140576220543792624e-01
7.059841601717159465e-02
7.520256824994316081e-02
6.906353180490873434e-02
4.805087968173107904e-02
9.379649946771785596e-02
4.462085187304097589e-02
8.750164427628205621e-02
8.339921010054035522e-02
5.976561044381920040e-02
6.570656419008645555e-02
5.527646331596158119e-02
4.103387947322127693e-02
7.126288732452652763e-02
6.017489559469692967e-02
3.348201585604316643e-03
8.847355463585170054e-02
1.393966564823904686e-01
9.360639181987653878e-02
1.061877363568610733e-01
4.861943493039833086e-02
3.223498602424314241e-02
2.530162830526400466e-02
4.831407322655386499e-02
2.760342929289309744e-02
8.167817633434151792e-02
5.544791199510513968e-02
2.392294294092969092e-02
3.660911163122648748e-02
9.483714007036719157e-03
1.472844461281151429e-01
4.715013032930434611e-02
9.328494603658089857e-02
7.106866126214436696e-02
9.028329873777683756e-02
2.632250682937421760e-02
5.121191541714734813e-02
1.627296366646831249e-02
1.121827122740121641e-01
1.244898027942775293e-01
6.142291275711146692e-02
4.089597715793287513e-02
1.407999689786308128e-01
4.342257256409778193e-02
5.136232803013750930e-02
1.258262505620444671e-01
9.263814216071508678e-02
8.077508621812383438e-02
3.407759459840835337e-02
7.318123951153257534e-02
6.116872011799014824e-02
1.049611842785519167e-01
8.200299506769728741e-02
3.490909313042302869e-02
2.123661043199989024e-02
3.036731567002043733e-02
6.640604547869448371e-02
2.217539992659293274e-02
1.057045637521822901e-01
6.788554406267990893e-02
3.733547003618342686e-02
7.613707579771021583e-02
1.132960871108916467e-01
5.997515692274454219e-02
1.108172721949793743e-01
1.361080357347429493e-01
1.368429621185708878e-01
3.273766466456986407e-02
9.323366162380843092e-02
5.725887384042881167e-02
7.569049271125845302e-02
1.372423095121770575e-01
6.940100612324451301e-02
6.646321690538088689e-02
1.329434732163074229e-01
1.219753540650218987e-01
1.224578829075776421e-01
1.163562736595555036e-01
7.193710866868052722e-02
1.500314981902139688e-01
7.446550507112832673e-02
1.975676405509740885e-01
4.722551831122309696e-02
1.922845341812415010e-01
1.076834293430367490e-01
1.723464184106686670e-01
1.022342118356665414e-01
1.653765186813536125e-01
1.062440619474306069e-01
1.447331637331696896e-01
1.109441789854511001e-01
8.834002961795174580e-02
6.585560698507041122e-02
1.490216551473659036e-02
1.453671721794806138e-01
3.341670902308954000e-02
2.758188455409693943e-02
9.422501597634459075e-03
9.729504213670618629e-02
1.063876689945248144e-01
4.785284082604330386e-02
9.959026934864882719e-02
1.425602442138176329e-01
8.461447594197292477e-02
1.093061240961913788e-01
1.067578272127983757e-01
1.769403287001484748e-01
1.707381001109687102e-01
1.347373596148734864e-01
1.853365901176780572e-01
1.851042678183413004e-01
2.307832678481485933e-01
2.027584422572018541e-01
1.988395210411810221e-01
1.603744599146624261e-01
9.132294702180539236e-02
1.588142475238666085e-01
1.176728164986562547e-01
1.323399171887529591e-01
1.955109087472531315e-01
1.150872385991696112e-01
1.718049995226074433e-01
2.197542947715203920e-01
7.705946741560273927e-02
5.437104493827527030e-02
1.570976537007082730e-01
3.721958911716898022e-02
5.548602227994791497e-02
6.295472218681869014e-02
7.932562331422801649e-02
9.816762458974090388e-02
4.081899109359438116e-02
3.894839574153803607e-02
2.138024751044943772e-02
2.537019558140088393e-02
5.619959007196656531e-02
4.209893079584449416e-02
9.419899105441434384e-02
5.801831202562112572e-02
1.035491616873727150e-01
5.668713519210034912e-02
9.655373390321335403e-02
1.112850911220090722e-01
3.788654757211927515e-02
1.681226490732179793e-02
1.308092028027126319e-01
1.215370956747885423e-02
5.168040504693872939e-02
6.692769055166636338e-02
2.419059451948070080e-02
9.307181189443272662e-02
1.324808528882836234e-01
1.950346849242193259e-02
1.580374013837135549e-01
2.383131265417805233e-02
1.436000688996493246e-01
1.156666357257394168e-01
9.875353450112903109e-02
1.270658707910762020e-01
1.169894113241307237e-01
7.744229926060214320e-02
7.502841795961565086e-02
4.681666246013219818e-02
5.651191087244732125e-02
9.149313064251000938e-02
2.832666090642204856e-02
1.035066931805035811e-01
8.807909755835366394e-02
5.696994780194752916e-02
8.964810304041324895e-02
8.422619224948826866e-02
5.497830907246611248e-02
1.658023662853630731e-01
5.708975816011637588e-02
5.276916082540958342e-02
1.409709868980417724e-01
1.710525418292729305e-01
1.381072590092125296e-01
1.694761730078013506e-01
6.628554375926902498e-02
1.172924743383472190e-01
6.805551803473815220e-02
1.670339816062641758e-01
1.024121363186345918e-01
1.602924885422854773e-01
1.338842944298724580e-01
1.980502924746077587e-01
1.102235704280803974e-01
1.015635181943313758e-01
8.851952908539260922e-02
5.053703713241339962e-02
9.997617039367290293e-02
6.782918956991361437e-02
1.240905482479621735e-01
1.475162758236205629e-01
1.093345197679278930e-01
2.178828201294291667e-02
1.163052795764413644e-01
6.813163590866697095e-02
6.971380102261202916e-02
3.688460014284868776e-02
3.804487293549399518e-02
1.507701936494901807e-01
1.359924494596658207e-01
7.403954246120750260e-02
8.263989926692257015e-02
1.040499936073431414e-01
5.959856470399661765e-02
8.959540711760753673e-02
5.548400706951486794e-02
7.992616875470268112e-02
3.514857966717160886e-02
8.627711878348613694e-02
3.934903894236192745e-02
3.657100453054577816e-02
2.866600532120744046e-02
1.160192825180606097e-01
7.499291608171526624e-02
1.138384918202940965e-01
1.028853072186122208e-01
1.259885311328684254e-01
2.596864839081789236e-02
1.143112600381653715e-01
4.833790676407963977e-02
9.420167479347976713e-02
1.168504744106136500e-01
1.241550997729377048e-01
1.329342857104407749e-01
9.740757581020588474e-02
1.005232791405443610e-01
1.825549413008992483e-01
1.085359003917533149e-01
8.855461763063381120e-02
2.556215586627800032e-02
1.026604332562419952e-01
4.922295544473535844e-02
8.915478994369663290e-02
6.339958289966668437e-02
1.245888812443007691e-02
7.111100913074804020e-02
5.672907999899370196e-02
9.285814128197290851e-02
9.738970994324387676e-02
3.685023522011390829e-02
7.505893730742228820e-02
9.415127755278408783e-02
2.968823585652137498e-02
5.021383670650420711e-02
4.387314146858168479e-02
2.135764877709294962e-01
5.684564794674921290e-02
3.610717228697839926e-02
2.200416936620842034e-01
7.692501224636480450e-02
5.652287515185444589e-02
1.136692305785656221e-01
8.832713889869972523e-02
1.082634905155836352e-01
3.932731163403430097e-02
6.706284537456559669e-02
4.293427148756964046e-02
1.284281530132865348e-02
8.760457863221800257e-02
1.088321318971601503e-01
7.909760650120850611e-02
4.404229155434138954e-02
7.569848630082294527e-02
1.082238599314233884e-01
3.253950378254796827e-02
1.699255905696644975e-02
4.208415386372140604e-02
7.309916389620459143e-02
3.669299131581837958e-02
5.117743546538072730e-02
2.828871647697151978e-02
6.796039527407991832e-02
2.720864733074770253e-02
7.300220233077994725e-02
8.216470367366349170e-02
5.696940603844329043e-02
2.858546590474609142e-02
1.363476554832875609e-01
7.943983753564290429e-02
8.802885991276925004e-02
4.233860626266669480e-02
6.140996338443475283e-02
6.349517007224654563e-02
7.317055673627449741e-02
1.055181888556691039e-01
7.587107729099522302e-02
7.553654143388670306e-02
2.722617385671341136e-02
6.447863631279161789e-02
2.658636283956455210e-02
6.634181085058336869e-02
5.174153090040138625e-02
2.818486885239761611e-02
7.709267519704070259e-02
5.278633947405317328e-02
1.964233158123005960e-02
3.295217952121538840e-02
3.650383364932913849e-02
9.585674487917213160e-02
8.286892991492503246e-02
9.243133221110137743e-02
5.140378443128683361e-02
1.186299355334705236e-01
5.968367001196019789e-02
6.161714800200274178e-02
9.252702852264854672e-02
4.793217209129779777e-02
1.260896303464382473e-01
1.226901534788871623e-01
1.231172503835949034e-01
9.165847611654184823e-02
1.085997710240103747e-01
1.147695926037772124e-01
4.088326473998221688e-02
1.522994230431512774e-01
1.091260468559018260e-01
2.320988190134909077e-02
1.267418161822007339e-01
3.916515645038517318e-02
3.539031126882329764e-02
6.846955872347407213e-02
7.029296407250523737e-02
1.672819162401238957e-01
8.729784066977257229e-02
9.082022570328501798e-02
8.436230148168570586e-02
8.432290782944820706e-02
8.163482569230985642e-02
1.182467035227821039e-01
8.607056242438319849e-02
4.500442033439531336e-02
7.991857397220469839e-02
4.117007634865332139e-02
1.163566321885943083e-01
8.189294621617107528e-02
1.093114550358117165e-01
7.178402719223381245e-02
3.247248905975053113e-02
9.735380081207253671e-04
6.124537416329699224e-02
3.731212592220959495e-02
2.790621476456214486e-02
4.293158842800021829e-02
9.388100554162234768e-02
1.197978526041579977e-01
7.616795761628972206e-02
6.917284104222706786e-02
1.155713199397274439e-02
1.744069449780941139e-01
1.403689199607568439e-01
9.829216849194231942e-02
1.133878989312639279e-01
9.274085113124579116e-02
3.457175153888066010e-02
1.029369968867787782e-01
9.734298717263338563e-02
5.583715102734363063e-03
4.563155334740289643e-02
9.931998816720176426e-02
9.532993009902492043e-02
1.241837643204333763e-01
2.998605680646109981e-02
