5.812833678193421783e+00
5.137876618179115340e+00
4.310737157364635586e+00
7.891659402640950338e-01
5.656048994957250997e+00
2.534548726662175344e+00
3.994302173859777927e+00
6.141042893851020423e+00
3.407745274664223611e+00
2.257746861334902544e+00
4.518476326728095849e+00
3.678924741539565169e+00
4.678034300356752162e+00
4.075075061326135506e-01
5.306671672852437460e+00
1.388554669640954808e-01
3.050775719218111526e+00
5.202106088836901954e+00
5.046549080633609741e+00
4.023246514340804048e+00
5.317661651609677520e+00
3.971254502936046205e+00
1.479207787726499301e+00
5.123838441284582323e+00
5.381640915848583617e+00
5.345602085458894814e-01
2.398236283770851074e+00
6.067904296269470699e+00
3.766488858747313540e+00
3.446787972887096263e+00
6.060685160196377375e+00
5.504570124903904293e+00
4.190303509126340309e+00
2.244617922997816928e-01
3.270685920782279599e+00
8.083380394568190352e-01
1.528888643541732817e+00
1.691817159558612449e+00
1.097747271152986093e+00
8.813597981160664618e-01
3.317681025944904327e+00
3.070409179953566436e+00
1.170651365945707539e-01
2.319560173134063152e+00
4.338758774073498969e+00
3.243886266681648589e+00
1.749272735356123931e+00
5.608904125783698902e+00
1.229953347306332212e+00
3.743390789772357063e+00
4.126112030511183804e+00
4.674240475605694556e+00
6.000961629484114823e+00
2.983070192157468270e+00
1.587671676136354737e+00
4.908165356743879215e+00
1.979827512997536898e+00
3.012863566799730108e+00
5.624233146932146710e+00
4.366662363389736790e+00
3.936418132275930626e-01
3.329004867644440147e+00
5.654276771514132882e+00
5.600538241480578883e+00
6.270833075952618074e+00
1.858529258707064313e+00
3.087575320934029310e+00
5.768181893075313482e+00
1.876614641449877663e+00
3.783928219874264975e+00
2.912633357828720904e+00
1.552202703363231739e+00
5.650810464161499347e+00
5.536504962269256147e+00
5.985194093299827323e+00
2.366583596283103219e+00
3.670258090761175040e+00
2.172706025159167886e+00
1.902200862185815522e+00
4.688180679704956333e+00
2.440905319928657613e-01
1.107808717506520102e+00
4.434225870127993296e+00
2.036643353836830261e+00
1.898640004025984318e+00
2.005388612651207492e+00
3.278702262040225524e+00
1.758094768107510086e+00
2.659365110003524268e-01
7.443128471409774516e-01
3.005335598762955418e-01
4.786162557944195761e+00
1.634062849521785266e+00
1.353233481650159664e+00
5.338794106280253970e+00
4.817494472165686048e+00
1.765267853953214061e+00
1.837309625641278865e+00
1.582825443003980093e+00
3.615531893247188489e+00
