-1.055630377552824184e+00
-1.195216978021803378e+00
2.287905815638990425e+00
-1.693917784758176559e+00
1.011238965231889830e+00
2.493411410724750699e+00
-2.575257122779139429e+00
2.631521502814371249e+00
1.411780498608210088e+00
-2.710237551699854475e+00
-7.899113262217530851e-01
-2.045707140473000507e+00
-2.139572643145325692e+00
-4.506861176490748466e-01
-2.058457368725272296e+00
-9.634845192505703260e-01
-1.777897882103847804e+00
-2.310781172445994791e-01
-1.444499561610514293e+00
9.747294315926839925e-01
2.021165921173794455e+00
-1.959691910077301591e+00
1.745283924100692774e+00
-6.234544484431375766e-01
2.438251432985359735e+00
4.220417127416314224e-02
-2.819932358664794858e+00
2.515097083434821190e+00
2.335723358801388372e+00
2.159756657840300242e+00
1.824451285897794595e+00
-2.710031735883810633e+00
2.993581589588975689e+00
-2.429082816951851242e+00
-1.994884560818612762e+00
-1.232961294551942366e+00
-8.026995314128754222e-01
7.400493109679632253e-01
-8.728565122537578214e-01
-2.388408032760344357e-01
5.292814318806751128e-01
6.302163234979263340e-01
7.690589364835882513e-01
-4.287603761952864523e-01
1.358784269441056791e+00
1.701963625309656614e+00
3.001287712954360476e+00
1.880998596561353597e+00
2.088730370635976108e+00
2.860344931972317539e+00
-2.981409423929899827e+00
-8.486690982853768439e-01
-1.953760269598415311e+00
-1.737266504113078369e+00
-2.093456470787178780e+00
-1.401096408152320061e+00
-6.223023883410143675e-01
-3.687899990522110205e-02
-3.224534749280789647e-01
-1.024431627795437505e+00
-5.254777778512610409e-01
-2.257227164865715618e+00
1.540994851588497028e+00
-2.749468542210356858e+00
-2.246931533705564643e+00
-2.360245373296959936e+00
9.931078430988332650e-01
-6.827147693239761228e-01
2.912529261548800985e+00
3.115453716265656148e+00
-1.512397126573728282e-02
-3.147319806791890606e-01
1.636592635734861689e+00
5.423131599530551794e-01
2.522524793186073921e-01
-1.695341163347180879e+00
-1.975570738115063563e+00
2.381326046206874381e+00
-2.871166228925027486e+00
-2.061925631382423685e+00
-1.607127109308137847e+00
-1.383500669850911691e-01
2.772218224825626631e+00
-1.913416444271309191e-01
4.768802762449910748e-01
1.284489269563142022e+00
1.521638049720206443e+00
8.095386086598058695e-01
1.226341936339183647e+00
-2.743362770497937309e+00
9.011333245327604047e-01
2.197584842844311659e+00
2.361949843436525587e+00
-2.003238475253457107e+00
-1.750108315410896287e+00
-2.382812211941988778e+00
-1.269325166378026060e+00
1.997580540158383766e-01
-4.482021311467247054e-02
-2.203431161030302565e+00
8.487550267599115461e-01
-2.182967107873786672e-01
1.428237204219877210e+00
1.013394572689866768e+00
-4.908729129578909833e-01
5.614039432590026690e-01
1.820941327815200017e+00
-2.740086620401045892e+00
2.211719119531080135e+00
6.319793041330441508e-01
1.918923936621871995e+00
-3.098175593796117955e+00
5.811453457420597823e-01
1.342599978987757403e+00
-1.030503953624590796e+00
-2.395907912684995811e+00
2.999548276380905154e+00
-2.261372131671326891e+00
2.391505658277474300e+00
-1.736980131625794010e+00
-1.640430845309902796e+00
-4.212557208039960921e-01
3.676306199693449850e-01
-3.319238507225250739e-02
7.194044134370443377e-02
8.795222943156941753e-01
-1.251806313071989751e-01
5.410822730880016085e-01
8.929857633119151483e-01
1.632301692654060776e+00
2.450825192751570736e+00
2.562967607222879973e+00
-2.747161284326505193e+00
-2.027740029837153735e+00
-2.996033034175337395e+00
-4.698520691392798487e-01
-3.182083377926153145e-01
-3.420464106415568861e-01
-1.136862108703743379e+00
-8.185245561482985543e-01
-9.889285700261056800e-01
-3.415618997850513594e-01
2.147109748500039661e+00
1.002263026990193540e+00
2.205832232902148887e-02
2.063002957297934148e-01
1.447460228352313472e+00
2.898841949520627015e+00
2.637663855207898589e+00
-2.292774908393129696e+00
-2.471917488915759353e+00
2.835573895620510321e+00
-1.378682876624157894e+00
7.621728231684929966e-01
-4.445904796808500814e-01
-7.381713605750228613e-02
2.752090862446010089e+00
1.689228974631780567e+00
1.409556251996670007e+00
1.791130361998963805e+00
2.895336017380413018e+00
1.106602013112639282e+00
-6.774017325266272760e-01
1.202388280473228210e+00
-1.298567894039237836e-01
-1.673009720673195311e+00
-5.172013796191076151e-01
2.098418449470284830e-01
-2.288090276220952277e-02
-3.820943006499203376e-01
-3.174388030621864698e-01
2.742222643089810674e+00
1.134148932970053147e+00
1.509347426491355781e+00
7.834853853031223947e-01
6.498544896748909006e-01
6.735598999762600902e-01
2.016851742749689702e+00
1.617541950981339349e+00
1.906060037579412558e+00
-2.078556965975905779e+00
-8.604857131193555109e-01
-1.408922669168988007e+00
-2.109067138909904937e+00
-3.136159651584407904e+00
-2.114481997931209611e-01
-1.464428557977510259e+00
1.579248453459800861e-01
-9.358906663084873290e-02
3.801001510269879646e-01
1.864073520751256874e+00
1.778583940824721932e+00
2.146587754956922112e+00
-2.990071182568135644e+00
1.078620333231384620e+00
4.097377020009844439e-02
2.349593067434920801e+00
2.258154407722574142e+00
-1.557674682414393219e+00
-3.092437342463210115e+00
-3.012856270897407818e+00
-2.388902775891397212e+00
3.120914543584227374e+00
1.026496924602782412e+00
-2.796949527788802348e-01
-1.789217115660445501e+00
-2.785935979171228274e-02
-1.448432618000167205e+00
1.916982039234580215e+00
6.792315352214527424e-01
8.349469912898341839e-01
1.224893639599311079e+00
2.388967984178664405e+00
7.281966522310687751e-01
2.065804003324414495e+00
2.658387459571099676e+00
2.376906332309178804e+00
-2.907631347450309267e+00
1.314798636665443388e+00
-2.321306112354791118e+00
-2.407033419409622788e+00
-1.405657256960439971e+00
-1.505421117228024519e+00
-1.020482370021642549e+00
-4.003164169666518779e-01
1.066701865402200911e-01
2.495474068405486856e-01
3.569305484055165789e-01
1.358906742487890007e+00
7.900729506537277347e-01
2.634681726436560734e+00
2.041933209043082176e+00
2.232555722795559916e+00
-2.817640130096298101e+00
-2.612391139969182596e+00
-1.471592964848292828e+00
-1.671022657917327514e+00
9.896069037880750319e-01
-7.590344364460505089e-01
7.023870237457289223e-01
2.190355255455832317e+00
-1.448096379190349225e-01
1.878466818057869858e+00
1.032992208640469256e+00
1.911331584283179952e+00
2.265085805496848792e+00
-2.455090208367600280e+00
3.221064925089366371e-01
-6.637675785633497805e-01
-1.924049903137063700e+00
-1.863943815603063658e+00
-1.515357981172431812e+00
-2.269793448830748767e-02
-1.853340775186737899e+00
-1.866443192157259123e-01
4.721002253034090046e-01
-1.675807804915216970e+00
2.466996860981693462e+00
-1.897586969075601315e+00
2.805734133230533001e+00
2.123185232704386749e+00
2.846203730977855617e+00
-3.228367022416560039e-01
1.222199728872455537e+00
-1.543688199460808264e+00
1.933635962644817630e+00
-1.565838734853530312e+00
3.097548062819289960e+00
-1.263373532149076217e+00
-1.009521890349218243e+00
1.641781458439775410e+00
2.508311779257015761e+00
-1.166418959835553437e+00
-1.609950704025417068e+00
1.003395100409787188e+00
9.876494496709435633e-02
-1.205714830805143745e+00
3.141298978060174552e+00
-3.696726846674743272e-01
-1.416755350963694537e+00
-2.886254637234999088e+00
2.105813833745528552e+00
2.257933392598466593e+00
2.317528037494192450e+00
2.044377216976789868e-01
-2.464392366747938379e+00
-2.879398743869390653e+00
-2.269457991342930470e+00
-6.243302085789323996e-01
-9.831889544293574978e-01
-9.480755314903058228e-02
-7.061731804600847040e-01
4.887509666651394108e-02
1.142668391322133159e+00
1.840797282995987105e+00
1.106757504441523654e+00
6.458060984242731950e-02
2.187589474067013651e+00
-9.235470083344390346e-01
1.612878738452510063e+00
-1.244014535044128955e+00
3.008050068127873455e+00
-2.900216195625356264e+00
-2.298738209061820914e+00
-1.146640395980037974e+00
-9.060172682780440745e-01
6.013305704891120929e-01
-4.793958907435845185e-01
-1.198460882305149466e+00
-8.493912958526463886e-01
7.553281754259247305e-02
4.739690118877439851e-01
-2.882396222497730420e+00
2.102044827248658265e+00
2.842191871599692110e+00
3.127083981350340824e+00
1.978512317535762843e+00
-2.076084787859803882e+00
3.059913382682675209e+00
-1.533808027556361253e+00
-1.222970137137159963e+00
-1.977357457679630004e+00
-1.582771003622817307e+00
6.284471604987330595e-01
-4.491087899822503449e-01
3.002862706783862023e+00
2.242779125281797459e+00
-2.258981954758675581e+00
-2.927018888216198711e+00
-2.986558652839990557e+00
-2.969701338655316825e+00
-2.240037141750080174e+00
-1.226699374276714938e+00
-1.021193995962270673e+00
1.018950932510172436e+00
3.647103338471179707e-02
6.751596168674585396e-02
1.063170195064847418e-01
-1.710752086913820968e-01
1.194838137444755422e+00
3.132113310609925538e-02
6.294107930990171518e-01
9.566740675673669481e-01
1.804592992582081612e+00
1.378919622398108613e+00
-1.716133423369905042e+00
1.971178455233024485e+00
-1.995491193658509133e+00
2.839463197016179663e+00
2.413192128364730404e+00
-4.144244474381585941e-01
-1.616556797568142745e-01
2.703956204435249422e-01
-2.249841266647446825e-01
-3.153918792133738602e-01
1.418072080730898188e+00
5.567779985380610919e-01
4.957785415186443112e-01
5.482882716375538923e-01
1.245514606945900438e+00
5.943530216515582332e-01
-2.142169124820564097e+00
3.030687475085775073e+00
-2.747697138139052697e+00
-2.423916658348095332e+00
-2.362092622540890474e+00
2.091584966976822724e+00
-2.885933199368239777e+00
-2.475278539754342422e+00
2.994757587630753726e+00
-1.073853370425205123e+00
-1.383376502735191416e+00
-3.214494593798493116e-01
-8.793928608473778885e-01
-3.105435974283448530e+00
-1.590659867281587259e+00
-1.790498212158423197e+00
-1.618179604668170457e+00
1.019982138071726663e+00
1.172305277334340978e+00
5.899295493783208721e-01
1.377174864931176579e+00
2.370373113231668771e+00
-2.897536817929295072e+00
2.159492848490632610e+00
2.832666550953287565e+00
-8.116154920931402117e-01
-2.917784246178742880e+00
2.957097530092696935e+00
-1.553486685960265623e+00
-9.571237144995604629e-01
1.155530656469655248e+00
2.966806411380801922e+00
-3.750406758759196046e-01
-3.953317601978267870e-01
9.091896043350434775e-01
1.623241380875866779e+00
8.458336399837897979e-01
2.232844637368732954e+00
2.276667286573031301e+00
-2.276220980062370725e+00
1.956958392439444916e+00
2.893372474921811044e+00
-1.623116875065988118e+00
2.852256425495941272e+00
1.361767619964176834e+00
1.594649666681107192e+00
2.545828827246447101e+00
-4.548063409616653896e-01
1.430101447121169267e+00
2.065715041763170667e+00
2.278488036948157269e+00
1.454524238542573400e+00
2.576318525580547192e+00
-3.065702313888384545e+00
-2.576941605548731751e+00
2.672521117355477482e+00
-1.707530269445692417e+00
-2.439598451311540295e+00
-8.508734552663568262e-01
-4.774237716475298460e-02
8.172568912733750579e-02
1.035383147815222227e+00
8.893071720199152708e-01
1.832609112013540709e-01
1.480497828716033082e+00
2.317500514962243408e+00
2.491484821375417269e+00
2.278999826709315890e+00
2.704916343343442886e+00
-2.737785197721521957e+00
-2.706819649599840005e+00
-2.649496971245781207e+00
-1.434964617976160595e+00
1.902773312612091372e+00
-2.471634959031022483e+00
-1.772256793762272853e+00
-1.963586124252091114e+00
-3.182429188575653378e-01
-9.927497743544198006e-01
9.507788873582819766e-01
3.723561811622826401e-01
2.240592048852475315e+00
1.482221846412697053e+00
2.139006242907041333e+00
-9.080377784950653952e-01
1.813368232690703019e+00
-2.217361269017777303e+00
2.287175422079115616e+00
1.849127191314564045e-01
2.898861594347588611e+00
-3.136135525158272319e+00
-1.688314042891970290e+00
-2.635567547521700860e+00
-2.956381629649027509e+00
5.345881050060709017e-01
-1.072477838605755185e+00
-1.624099764890471143e+00
-1.627220862836408655e+00
-5.593360857152589460e-01
-7.512754593435423400e-01
-1.357749717963594671e+00
3.613962762669673673e-02
1.899446106300512138e+00
-1.700729664781111650e+00
-2.079727126417299399e+00
1.664868092562890700e+00
-2.767048724554078465e+00
2.499870030854669523e+00
2.957378653458954787e+00
-1.267132230277042915e+00
3.113969451627858653e+00
2.433087281981669125e+00
-2.516982218517892722e+00
-1.400224449850581809e+00
-1.707317936986314066e+00
-1.599347134599812259e+00
5.772054058351757666e-01
3.149507780437196813e-02
-1.082416668421200656e+00
-3.844307235660550104e-01
3.983033214313571602e-01
2.816600428549898449e+00
2.001216255841146818e+00
2.010513549485795526e+00
-2.898521518203868830e+00
-1.924852679947560485e+00
-1.121335000034136442e+00
-2.135948401407805175e+00
-1.494013580505993088e+00
-3.793261447328215019e-01
-7.190309485436732206e-01
-1.608033077892612628e+00
-9.147838218096207008e-01
-2.493384051329081252e+00
-7.721590944304812520e-02
-2.276778341531593419e+00
6.165199401184379840e-02
-1.539914904172449805e+00
-2.290770545489409393e+00
-2.541282952735757661e+00
-1.720019451945840716e+00
-2.264750998341784172e+00
-1.660300741603574659e+00
-1.592616482740216055e+00
-2.720805579885571257e-01
4.122644908784114937e-01
7.254344233565951372e-01
1.049869554290581597e+00
1.964995590409096105e+00
-1.448271044704281696e+00
2.080969658089512619e-01
-3.055456732939427766e+00
-2.709471920576619564e+00
-2.494558049083764217e+00
-2.645066719748769835e+00
-2.775123667529783678e+00
-2.360859799340919274e+00
-1.497361846299010368e+00
-1.052595365609296563e+00
-8.779508821855894762e-01
-8.327259321748731180e-01
-7.925008495386280938e-01
-3.973947676265814355e-01
4.285486364675130666e-01
-6.583083695327058837e-01
-2.141629960365052099e-01
1.331716004377884621e+00
-1.188575992674776094e+00
-1.240979365768045017e+00
-1.906361648811927934e+00
-2.178357855870478588e+00
-2.734869720281485339e+00
-8.866845517450249181e-01
1.096314577281209734e+00
-2.379289864169224611e+00
-2.198027614482003678e+00
-6.958768582328069829e-01
-1.433880919429565970e-01
-8.114174091705705916e-01
-1.192228317594078213e+00
-2.981550554265495645e+00
2.057837795812651027e+00
4.534394633643146905e-02
-2.609577584643345549e-01
-3.915761979188487896e-01
-5.734637563868641985e-01
-1.868844707223944746e-01
-1.711708182155994962e+00
1.987826046671323788e-01
1.946080684888702672e+00
4.280045115599833139e-01
2.053694536499841572e+00
2.883204212440846792e+00
-2.661224076903065949e+00
-1.328933340700367172e+00
-2.652491123521820704e+00
-1.416400434868855251e+00
2.191244382199125998e-02
-1.416734250999876377e+00
-1.509921594652396282e+00
1.033732152318340036e+00
-1.346404782184644544e+00
2.568610763416842580e-01
4.927277057867792132e-01
4.073753489605297928e-01
1.279602978181064721e+00
2.866169198035791510e+00
-2.248811918155843692e+00
2.920917882777335883e+00
4.483558402021625700e-01
6.136249393228689897e-01
5.766311491454160013e-03
-4.163564905017916318e-01
-6.299108053269063534e-01
-2.557327814218341988e-01
2.433539032508099886e+00
1.118703071291873963e+00
-1.572685937109365772e+00
-7.564264488019293298e-01
1.783385151383200418e+00
5.144183837377934720e-01
1.595877161458989280e+00
-1.241451340944470516e+00
2.600414323114155657e+00
-2.000327971203642363e+00
-1.531663108933353223e+00
-7.966190882862899114e-01
-1.252944419839734147e+00
-5.947072066813806623e-01
5.857827748724896422e-01
1.441014347192168532e-01
3.728184857526392060e-01
2.259047005707793543e-01
1.232452099015398206e+00
-3.116370542003787492e+00
2.235607970227760699e+00
2.912975979200368659e+00
2.777110654290877001e+00
-1.859897862903815202e+00
4.333220278665559505e-02
-2.533355938001788932e+00
-5.086889737102601172e-01
-1.281237193276419051e+00
-1.283607145541628913e+00
1.345555627396872955e+00
-1.975068197864165639e-02
1.137715714863875988e-01
2.890294825740235551e-01
1.593749757378144727e+00
2.721784240550734424e+00
1.537299864162256613e+00
4.856336979671113108e-01
9.627405572808408474e-01
1.408650779876862380e+00
1.011566481614964763e+00
2.020270089096522170e+00
1.062630148019666265e+00
-2.317630961064755635e+00
1.657945448926520404e+00
1.181839824876856460e+00
1.048397723193775569e-02
1.513258024113445233e+00
2.243255580630425960e+00
5.324290582850208509e-01
-7.882353271671285189e-01
1.700505667455985748e+00
-4.132955781481374991e-01
9.903408306256251958e-02
-1.415386956756307990e+00
6.896629747393706600e-01
-3.061632938790717073e+00
1.242739591696361279e+00
7.826744680263661991e-01
2.032514342358462400e+00
1.775451418119962321e+00
2.164514368215374240e+00
2.804764870069604843e+00
2.931752598904281193e+00
2.233708995527054597e+00
2.699290998295218902e+00
2.279244061199583893e+00
2.098962104579465304e+00
2.026404163905779487e-01
6.579588446967349347e-01
-2.775998300182018763e-01
5.297033879964894165e-01
6.817866632083056100e-01
1.425572027714664625e+00
7.643604517356035188e-01
1.745427090269681347e+00
1.468770036872091067e+00
1.455718811768900833e+00
2.411829795906417218e+00
-2.971058121915296280e+00
6.561418099327142039e-01
-2.445236820880947182e+00
-2.688302731896081710e+00
5.464038686092248520e-01
1.590343770146933844e+00
7.515667789898214934e-01
1.970885253157629746e+00
9.918504536110669401e-01
1.457868287262390039e+00
-3.058688254142092333e+00
1.737028636582836683e+00
2.998474676818756457e+00
2.065654008126235563e+00
-2.277514767370363735e+00
-7.217849083524913167e-01
2.949960385652317552e+00
4.022692933642429969e-01
2.672128195455775179e-01
5.931973275408262136e-01
5.270909390187625831e-01
1.406265853729834925e+00
2.768742418097630553e-01
1.234381978408081837e+00
1.893533648450841600e+00
2.822588104186193547e+00
1.591390764967518967e+00
2.377126332660377983e+00
2.410496260366755017e+00
-2.405179238795800867e+00
-2.675500208631028443e+00
3.003921638705138175e+00
-2.990008402943591381e+00
1.044224054667090895e+00
-1.954198190489781384e+00
3.178877919344246239e-01
9.064561279541503147e-01
-2.243766678800526992e-01
-2.725274485237122679e+00
2.352937507749805590e+00
1.805605462093796021e+00
2.108650505193504721e+00
2.845864259558689824e+00
2.417232125374416007e+00
1.617207201348259460e+00
-3.020995733410861472e+00
2.705859725953825734e+00
2.917131836740739281e+00
2.992802636468777422e+00
-1.979964015826714219e+00
3.049658940532844920e+00
2.624087450336318295e+00
-2.330260063342783461e+00
2.019613619724908382e+00
-3.321795128268490993e-01
2.898526588473308685e+00
-6.267397675041986860e-01
2.339034526625369370e+00
-2.353663923677141057e+00
7.764624623572388140e-01
2.493687203730335256e+00
1.818559410525506737e+00
1.504228255259106195e+00
-3.061094631866076554e+00
1.542881787807501182e+00
1.483875370518606296e+00
-1.507672551510168102e+00
2.605758926939131470e+00
-2.848062668499510508e+00
-2.286974506069357815e+00
-2.892094482646654807e+00
-2.168336899233124448e+00
2.730051744083230592e+00
-2.636091102370705208e+00
-2.315851023251711549e+00
-1.861633421801442756e+00
-2.605546226606687998e+00
1.257693893797534823e+00
2.339771133627740252e+00
1.912277882291298248e+00
-2.770270506176119696e+00
2.002609294903433312e+00
2.580018010133679596e+00
2.804897247145592853e+00
-2.237828898389039534e+00
2.196784798616893575e+00
-1.158983222458575657e+00
-2.761960712049185140e+00
2.713520336464772864e+00
-2.050521865966989488e+00
-1.500342250417316281e+00
-2.467404808958048701e+00
2.838900098964639795e+00
2.915225914540364283e+00
-2.884337692057711511e+00
-1.937045987763666544e+00
3.113541753170875559e+00
-2.975831927340693905e+00
-2.097994546039096075e+00
-2.671305364218060419e+00
-1.781203460228873103e+00
-1.061510036568101834e+00
-1.689814991957508505e+00
2.603481354481363752e+00
2.569911160784549065e+00
5.160363251561587150e-01
2.949939432631175862e+00
2.841169302304903610e+00
1.883383767437497580e+00
1.252113011921368368e+00
-3.046058835883023175e+00
2.660571821090950806e+00
2.990671870879411998e+00
-2.225451538807783791e+00
-2.400973576856993752e+00
-2.080916028903969206e+00
-1.896936772512866520e+00
-1.099308156127402070e+00
-1.557630448731985862e+00
-2.057674778912517155e+00
1.818833845026446516e+00
-1.755601756502687349e+00
1.277782224425296972e-02
-3.467805450046861360e-01
-7.878724874059076511e-01
2.947967932535108915e+00
1.368360585412808028e+00
-2.960648563205102501e+00
-1.803045454190912000e+00
3.007201596330941307e+00
-2.196543991709581700e+00
3.077847538338553512e+00
3.064515096538041217e+00
3.057972313616185378e+00
-1.639360451718705924e+00
-2.053040418070060991e+00
-2.000704617163489907e+00
-2.239939328810816477e+00
-2.522207058238490340e+00
-2.468257078501394641e+00
-1.972297955216191667e+00
-1.849550736647493476e+00
1.529378936492590491e+00
-2.710119019042673827e+00
-1.910526584535166661e+00
-1.495543341862257236e+00
-1.206083049991092837e+00
-1.015013757575782688e-01
-1.497222463654588109e+00
-1.282053349543932574e+00
-3.090813484315115378e+00
4.130472648587454332e-01
-2.449565280087543595e+00
-1.557045711239996022e+00
-1.796438948501982935e+00
-2.673184594861626184e+00
-1.854234351776427259e+00
-1.502058184524807771e+00
-1.163966574419611044e+00
-6.700661109407504146e-01
-2.049223925482278386e+00
-1.453843646948867585e+00
1.872324525547064966e-01
-3.212433073283879614e-01
-2.236634711934912367e+00
-7.338539267508266128e-01
-4.191236633880070506e-01
2.066944831512758984e+00
2.272174629111728628e+00
1.300154074189759368e-01
-1.945174143304552850e+00
-1.192693183910713772e+00
-1.058256943339860090e+00
-7.617071623554111381e-01
1.062311283533597800e-02
-8.253495315296930368e-01
3.994730003212562663e-01
-8.103455276439636146e-01
-9.598597396436233664e-01
2.249525318397712859e+00
-2.336549952284176612e+00
-1.929556403492025396e+00
-1.455185309052713150e+00
-7.436932011975162515e-01
-1.217503824851831506e+00
-6.083298186520781359e-01
-3.833377682370034956e-01
-2.595633657206901646e-01
-7.755394006583486710e-02
1.673405594263110974e-01
5.358251419088321255e-01
5.341268547637859632e-01
6.240654588564505945e-01
-9.727129739090580873e-01
2.662069585527965021e+00
1.948809442186200336e+00
-1.794229292009026144e+00
-2.819755597776534728e+00
-2.009923323940615347e+00
2.252884344849567011e+00
-1.239171273115554417e+00
-1.267921941216420434e+00
-3.043134512630395472e-01
-3.353096857409705311e-01
-8.954076712097935875e-01
-4.344995787048621105e-01
3.645430546208898170e-01
8.903130072806710871e-01
-1.010267179981715779e+00
2.058012429248869068e+00
2.385376002615380575e-01
8.278599422534012042e-01
-1.225486376240346592e-01
-1.799343755080248686e+00
-1.220805471551536625e+00
-2.610586156764614696e+00
-1.609711761940153307e+00
-6.122531550770121678e-01
-2.119183289100230391e-02
1.107381182742232101e-01
-4.140098225302840662e-01
-8.766028363238558274e-01
8.514589045273037726e-01
-3.264132936617473724e-01
5.397681862271498376e-01
-1.070879790749172666e-01
2.021215184348343907e+00
4.390935417878572000e-01
2.088586797385578731e-01
-1.625255702535070845e-01
7.202853423548487566e-01
8.824503217810205635e-01
-2.327328047326565619e-01
-2.463200689219868789e+00
2.094533070878988656e+00
1.304848643540989839e+00
9.434541854071863964e-01
-1.153605239732020227e+00
-3.083967181108708377e+00
9.432758431628296414e-01
2.915183565883141537e+00
-5.079343429375808849e-01
1.467717567819193603e+00
2.055407379387426126e-01
-5.358274714226496371e-01
-6.740802609817438951e-01
5.184921762117108424e-01
7.862577273087998364e-01
8.029316857675504737e-01
1.750324343512616787e+00
1.053592753143308025e+00
8.610128812367153772e-01
9.145621258054020819e-01
9.718491330495406810e-01
9.861638919313937546e-01
6.370355418294230132e-01
1.103280897267445937e+00
5.590653457028879059e-01
2.342787786710608611e+00
1.490860857905289105e+00
9.703812394287816279e-01
5.073315938448789142e-01
1.211268581408517120e+00
1.145009934700370602e+00
2.215281016786295520e+00
2.139088372906085223e+00
1.222959563828013740e+00
1.632234016244324737e+00
-5.250858312694165475e-01
-3.926861052782937289e-01
-3.489066250072593578e-02
1.408425540808317528e-02
1.501420992314084768e-01
7.507990672830807677e-01
9.391839822742525934e-01
1.245730739575346302e+00
9.334290298786216411e-01
8.222537179794909834e-01
2.989851501960703928e+00
1.429940052835693143e+00
2.416215052535416241e+00
1.460527385424141844e+00
2.779738255067369934e+00
2.973417165963446074e+00
-1.628179843642939550e+00
1.549409721478332003e+00
6.811347793596768119e-01
2.540133844386115669e+00
4.762237786799121131e-01
3.968070396857630855e-01
6.680191088800360166e-01
1.212682172479834453e+00
1.376000908211719942e+00
1.589417093114523505e+00
1.608608247982273198e+00
1.659555980448284229e+00
1.307745210943827230e+00
2.451009211592682480e+00
2.461986626029664116e+00
1.619493568274704032e+00
4.464943537695660880e-01
2.777858973172295354e+00
-1.586595609853342026e+00
2.239169750205642906e+00
-1.537212714125884283e-01
1.921100053991533052e+00
1.309599066556613511e+00
1.193956395818942529e-01
2.884052961145643135e+00
3.041701269789448325e+00
5.455576145526688236e-01
2.376484442568409960e+00
1.430480028698380979e+00
1.926167346072292785e+00
1.440261840720198361e+00
1.071980646772892731e+00
2.752437105471919665e+00
1.641179909746666388e+00
2.287375891234260106e+00
1.729795036597116198e+00
2.263785081034553670e+00
2.571420967526970802e+00
2.698140678558194505e+00
2.654896166669856505e+00
-2.952913071581196647e+00
2.859483767022366063e+00
2.995965047784380442e+00
-2.963470829446638088e+00
-1.537077882963675979e+00
-2.440251320733248352e+00
2.060320917370465299e+00
1.461871966702035008e+00
1.453922272420681949e+00
8.437963968405776116e-01
2.497430984951307220e+00
1.426088743460652619e+00
1.956799545670300677e+00
2.478160864922825724e+00
2.401778423289127051e+00
-2.956660987708700894e+00
-2.941526502360865436e+00
-2.792015868955145752e+00
1.453422347229230915e+00
3.099654555511274889e+00
7.879006119041874756e-01
-2.916758305503519111e+00
