1.486073451399454182e-01
1.657113453059574359e-01
3.929808659972763851e-01
9.878691151582133512e-02
2.894699282464245904e-01
3.906931747749781692e-01
4.707161756840043676e-01
1.671493526481240000e-01
1.789419327242540436e-01
2.616089282304375763e-01
1.101948399453155786e-01
1.130102898089964392e-01
2.126069577110066833e-01
1.359122949744277498e-01
2.135109218712243628e-01
5.055500613439031787e-02
2.718731912871329981e-01
2.367903231889803561e-01
1.185188891567104524e-01
1.164385150480133635e-01
4.682612198118476371e-02
1.007913682694915741e-01
3.177850795615072554e-01
1.987572583310180940e-01
2.774395174813362730e-02
1.846469035011833737e-01
1.870656516663413704e-01
3.717230112759419836e-01
2.454411726369086499e-01
4.622484499466409935e-01
1.743106862936541213e-01
1.653114562904390017e-01
1.975933756733964930e-01
8.194658091007708811e-02
3.255197091726723113e-01
1.746304651125816232e-01
3.312508514520916547e-01
6.834090686986235563e-02
4.428645167726735776e-01
3.243286544379226366e-01
2.806101993977849207e-01
2.804529293532024292e-01
1.249718838688718137e-01
2.971572773007811197e-01
3.343352726482449189e-01
1.836286079551341099e-01
3.511900886711029623e-01
1.027536205391298280e-01
2.430104685297228284e-01
2.581616506549029855e-01
3.119351910275884876e-01
2.899305910147750298e-01
6.139341067837507104e-01
5.563950974491858881e-02
2.516402341220528305e-01
3.532789613720448418e-01
6.416587750015341485e-02
1.899485611073757629e-01
3.283272101895173822e-01
1.222238504630056566e-01
7.472334286394892444e-02
1.860693116381803847e-01
2.250123217743521531e-01
2.644564153886075353e-01
1.962896271556066607e-01
1.501338807113726803e-01
2.849168729811292766e-01
1.204830829676286907e-01
2.485224708328566678e-01
1.398799417689473301e-01
2.868605819922432354e-01
1.122113210905816283e-01
1.911836168308868877e-01
2.526395345429170436e-01
3.520512079860901866e-02
1.885132258606754263e-01
3.025841855417311099e-01
4.357603295409115951e-01
2.482212255632369469e-01
4.614613005432672832e-01
2.728195631295418089e-01
1.833581026741778752e-01
3.215355180470407803e-01
2.703749730293830145e-01
2.671986951748303030e-01
9.065761437180318294e-02
2.831457816289831286e-01
1.193336759305035216e-01
4.648254168599690872e-01
1.689022592120259791e-01
3.067527581727566566e-01
5.235118578679472806e-02
2.638761786957968813e-01
1.392387557342481541e-01
1.602048262856210215e-01
3.008871476177209514e-01
3.108920119212330579e-01
1.533912137301440826e-01
9.589468628783787141e-02
1.145503904600711081e-01
4.948631947646286999e-02
2.509891972730735610e-01
1.142975765574915092e-01
3.395290918795807467e-01
1.450644350405195793e-01
1.337547559710193235e-01
1.507826021842314235e-01
5.723312135377323084e-02
1.646941207478689606e-01
2.932938822811657076e-01
1.798320613708587201e-01
5.684046228851189625e-02
2.306602171271513735e-01
3.911558849351957079e-01
1.164645594437082876e-01
1.269790566766514361e-01
2.528090899418087290e-01
3.235147582293056434e-01
9.047465207530296094e-02
4.366671980611055437e-01
2.903114137081163615e-01
1.700904530100165457e-01
3.471024511848478378e-01
9.997895749310468927e-02
1.905772647554362098e-01
3.875959939194829618e-01
1.631807630501082296e-01
2.721650858609038215e-01
4.366119109356381700e-01
5.213909527543585387e-01
3.804471012689409348e-01
3.388448542807591668e-01
1.159278114980175217e-01
2.550775862985763531e-01
5.346948012153283081e-01
1.348292608726911479e-01
1.747883796964533332e-01
1.684759506197352208e-01
2.817300867071643733e-01
3.025028243960200536e-01
2.029538143979100762e-01
3.499898266925237644e-01
1.932291259479711476e-01
2.565321527851925909e-01
1.663893550655716758e-01
5.398202055540025218e-02
1.266810742104824417e-01
1.260448665470761120e-01
3.445204860043117878e-01
2.851174323557154611e-01
1.884387372237816272e-01
1.560491031950801688e-01
2.129458161219453805e-01
1.221622317611828212e-01
1.826487675091464924e-01
2.723020347805270580e-01
2.208567699630962777e-01
2.023600170158036671e-01
2.364423939337733094e-01
3.278631285198631007e-01
2.928731928015758657e-01
7.780459665352716658e-02
7.600092002392475066e-02
1.811887723730696287e-01
9.707100651723482576e-02
1.441489259115361632e-01
2.225073542353033507e-01
1.752639542060836775e-01
2.225453819375143583e-01
2.954760900666260071e-01
1.679187815959989616e-01
1.183926177467060498e-01
5.397095503024116336e-01
4.323138983499508758e-01
2.429254652514081791e-01
1.957825100693802722e-01
9.210682442370064782e-02
2.886499818535754325e-01
1.645601279703752251e-01
1.313607186188338882e-01
2.224426274417927729e-01
1.951305008326567614e-02
2.398552857967556629e-01
1.103055536654493074e-01
1.485020285530521122e-01
1.813066023059237697e-01
2.030037529585515532e-01
9.195593275097456443e-02
3.588072426672430648e-01
2.861569990370722016e-01
2.398047013982125830e-01
2.249701132061669995e-01
1.508447241169168507e-01
3.786466803911545664e-01
1.497789975717694622e-01
1.959170423475352363e-01
1.657728827177467057e-01
2.274080111671189786e-01
8.665948800525791196e-02
1.890424077765872346e-01
1.773042708176625903e-01
1.877193159090191077e-01
2.305228227788785056e-01
1.766563649234826616e-01
2.092383200756301465e-01
6.858544333566594930e-02
1.859107590535770682e-01
1.792359913733194421e-01
4.837237325797210524e-02
3.748146063777357262e-01
3.068823217646662327e-01
4.069791702274211387e-01
1.633548131489619692e-01
2.427126829036592437e-01
3.536042742448293197e-01
4.153627680091651064e-01
4.258865489868477461e-01
2.463419602566074285e-01
1.111742215735244815e-01
5.860890511146944482e-01
4.998156417547794939e-01
2.806518224850613752e-01
4.257860773418247757e-01
4.560702403800532823e-01
1.489740003890858144e-01
1.340515944744347376e-01
2.688965033511014346e-01
2.012108083204106612e-01
1.487931160682422760e-01
2.921059103228523246e-01
2.320872829098508672e-01
2.323587207734028603e-01
3.019970681045474059e-01
8.955757749884869778e-02
2.596147545240654608e-01
2.180597979802167963e-01
3.475935525882110633e-01
1.265584653324363096e-01
1.011192742400606887e-01
1.602477125229155031e-01
2.771987445179986964e-01
2.216905102233854008e-01
3.028568655153071054e-01
3.346876660186516306e-01
1.759044575370672936e-01
1.301419139851137941e-01
2.286299729559611027e-01
2.087841544032226562e-02
1.775856290480325450e-01
2.397139058550372404e-01
3.800885577992116349e-01
2.140343628429789147e-01
3.469091176144082911e-01
1.608125338348470323e-01
2.948272268473211555e-01
2.851717887474880531e-01
2.321672941906438303e-01
3.429217485006494925e-01
8.515588089373436753e-02
1.221034596047970572e-01
1.410108536163631465e-01
1.542663481725414232e-01
1.664680445314855317e-01
9.516424642630416653e-02
3.290260496171030780e-01
2.383366820183103751e-01
1.948157716603955980e-01
9.783986731194561914e-02
3.463292284516095165e-01
1.746110720297502084e-01
5.117377255194822949e-02
2.036830971353518760e-01
1.694820527267442978e-01
1.045618863600996234e-01
1.996684934931210187e-01
1.564384362663790995e-01
1.354751706811217205e-01
1.061278213117926306e-01
2.247139019351688805e-01
1.041237853815101394e-01
3.182175067400855317e-01
1.797500219193499393e-01
1.142939395753250903e-01
1.736918596829415407e-01
8.466188280853419179e-02
3.572982275822342846e-01
2.733723588082631051e-01
1.635953466340306361e-01
4.057629376493380180e-01
4.054298947661863495e-01
4.035947765307443813e-01
4.115802471953550201e-01
3.147038760570276539e-01
3.760209344125591269e-01
2.209469700367578671e-01
2.398786979108479545e-01
1.924923027823048638e-01
7.259128095730833785e-02
1.481785135505785389e-01
2.978230385861415641e-01
8.779063552780883017e-02
1.825106821387845191e-01
2.065250975345405970e-01
4.057889634671134060e-01
2.798920538361143184e-01
1.554873057391958358e-01
1.213698623350603772e-01
4.053702940706627178e-01
2.948836380648654498e-01
3.843100196011053349e-01
2.988708271167508923e-01
5.102007371582478745e-01
4.460456250974628029e-02
3.436634071713071670e-01
3.556459937119035158e-02
2.246150144853962249e-01
2.224937618189715971e-01
1.882335170769778576e-01
2.947997278594912188e-02
1.552864731059849235e-01
2.341028148422799049e-01
1.632752531539124197e-01
1.271282010002453833e-01
3.393414110725829769e-01
3.116813906561717307e-01
2.571542091691589316e-01
3.699502212544983348e-02
1.329208238602548886e-01
1.582427464394255967e-01
2.913762126749414594e-01
1.266017812079747173e-01
2.245087380660422405e-01
3.003985305549869422e-01
1.075528281089397215e-01
2.268261323659006012e-01
8.377748462635037363e-02
1.671304258352382666e-01
4.699804162078425329e-01
2.121433215449017029e-01
5.745797982187951236e-01
3.691208429205878466e-02
3.705403039760200024e-01
3.700211424939149341e-01
4.111365045304683496e-01
3.127480556197546613e-01
2.863503560731023856e-01
3.322374391264497628e-01
3.531233223907020435e-01
2.601462072090311994e-01
2.142951430638163068e-01
2.247130293946047186e-01
2.461902733274781985e-01
1.986057539414711193e-01
3.976146360280291558e-01
3.321769274252604487e-01
5.861769890952182177e-02
2.045780484730679305e-01
1.715237029183913908e-01
3.177339552297035463e-01
2.118577182216267452e-01
1.239712053985825013e-01
1.531682150696765665e-01
7.442492929875962893e-02
1.992163639295083666e-01
1.402308530092084282e-01
8.766478298109400824e-02
1.017476282784054997e-01
3.035675767545071846e-01
2.152264053875849459e-01
3.084056465444379724e-01
1.257415446748077481e-01
2.010201849290752518e-01
1.343134865733719985e-01
2.106224657577161208e-01
1.970052529959728793e-01
2.101007668796483763e-01
1.534427616072857881e-01
8.373426611693689237e-02
2.396437179915182347e-01
5.105593873852771747e-01
3.898048093520181667e-01
3.849035144585338797e-01
2.155205769124674542e-01
2.569769832742339055e-01
1.993966596158452120e-01
2.919455080074195297e-01
9.387504620814340894e-02
2.171595988894288176e-01
2.009380142559259730e-01
4.234612349020970279e-01
1.758600420992743885e-01
2.173363612019883762e-01
1.508856094419032956e-01
1.827779855328079128e-01
2.842149056064225965e-01
9.356587378009541267e-02
1.123407586721736212e-01
9.040734548711094887e-02
2.811686563324385379e-01
1.795889157394500724e-01
4.390684416450635341e-01
2.681417733383738566e-01
2.587023842883918179e-01
2.049803846683320718e-01
1.298828698567184581e-01
1.276493742502650963e-01
1.351001259767681262e-01
2.050730332505178999e-01
4.638296197010804978e-02
5.053893617264947069e-02
1.812111513439612354e-01
2.913063147113255646e-01
1.832313279387769722e-01
2.568147746545436649e-01
7.298910492527010963e-02
3.851820235241264490e-01
3.671451612096510164e-01
2.937050154688713999e-01
3.168256302836227056e-01
2.306476596089113151e-01
1.055633578544484114e-01
1.314495211442596734e-01
1.325457671683169525e-01
4.217989864920471121e-01
2.223612741179823715e-01
3.192089041967790530e-01
3.818040034829703333e-01
3.431928112033291178e-01
4.726289707662514328e-01
4.030254122647640158e-01
2.524209113324756282e-01
2.686675711322862314e-01
5.037468708419811092e-01
2.577719194980176987e-01
2.080673917012618446e-01
5.480247619767083384e-02
1.770842281400093476e-01
1.902839381019749143e-01
1.532055612695051305e-01
1.940924168187990184e-01
1.099978868765142531e-01
1.583445365245366721e-01
2.510831040224108524e-01
1.708001757200132142e-01
3.488621568976751908e-01
2.279890891107590467e-01
4.134036545057712675e-01
3.310931760643996413e-01
3.062176493878303041e-01
2.529334471053443223e-01
3.344638389850161930e-01
3.085747383206842720e-01
1.809927308065140961e-01
1.726221740385101011e-01
3.143499816792559298e-01
1.738002134831330980e-01
1.993822516985721272e-01
2.167860962329225538e-01
3.240407978191757188e-01
1.762951064648438926e-01
1.348496470250985790e-01
1.940629136199302496e-01
1.058231548717743359e-01
1.309135248985820454e-01
1.569052919458816808e-01
2.220101667914809451e-01
8.050445498598349237e-02
2.284641794860280961e-01
2.652456723018189466e-01
3.878435787055206085e-01
2.385648229715940927e-01
1.099864670611902240e-01
5.848648008767570045e-02
2.052542624400569837e-01
5.309583140604767770e-01
2.223194015556741732e-01
3.168892658265907714e-01
3.750571416745913239e-02
2.188371198371047432e-01
1.240423484003066873e-01
4.247511712632949243e-01
1.548483647592060197e-01
3.150442466169268152e-01
1.792996521241040364e-01
2.399413931590085869e-01
3.936786946463116110e-01
1.934362803847873291e-01
1.157026429386096844e-01
2.813705696382728383e-01
3.210818423653346576e-01
1.840160954510793312e-01
1.962294900792818653e-01
1.599559971815812942e-01
2.516093288425956254e-01
2.356694165782118322e-01
5.692217463089326024e-02
2.323096155495186221e-01
1.105498735474924193e-01
5.184171596996468151e-02
3.540915732238834601e-01
5.402077672723981649e-01
4.602341562667600083e-01
2.634397188571808712e-01
3.042578081586094774e-01
4.027983521434979064e-01
3.222686697346094920e-01
1.964561839286004807e-01
3.078144323957914819e-01
1.929268017976366323e-01
2.320035158575438350e-01
1.463493240821694685e-01
6.632903416953569997e-02
6.697423805571514621e-02
2.019044018146638475e-01
4.424622827576305539e-01
3.419969087086645598e-01
4.783844055312750365e-01
2.627955216416346107e-01
2.858767713461164983e-01
2.461836789828877325e-01
2.210632183519772309e-01
4.306669381160120880e-01
3.864442939966291068e-01
1.846439763685553126e-01
2.276526818474274017e-01
2.807642681054430822e-01
1.143337793395713259e-01
2.400819647665003165e-01
9.214119740954788973e-02
1.866373457498841093e-01
3.086535485623806974e-01
3.448995220526482330e-01
3.008961455646191330e-01
8.157701280657542187e-02
1.044626662483484764e-01
2.776960398479176306e-01
1.445632410215208496e-01
3.073898052384325674e-01
1.343722778773313586e-01
2.409482391866939466e-01
2.134200439395773641e-01
2.058848571139411388e-01
1.205846078023941892e-01
1.821834221099050966e-01
3.234248902469449849e-01
2.833241949445010621e-01
3.069417150073276424e-01
1.975770302697769931e-01
2.161691102606843329e-01
2.377795145773619889e-01
2.425772575315533197e-01
1.799116319227023475e-01
3.950645275152805946e-01
4.829612265071094729e-02
4.028739668973900234e-01
1.643351797083925092e-01
2.691756940206468940e-01
1.708873418774356223e-01
1.905370992261014029e-01
5.103894164823974400e-01
4.025571219351608554e-01
9.199386824914833338e-02
4.536568363727839226e-01
3.583250063934131924e-01
1.903740477441404344e-01
4.031538908294464707e-01
1.801428802275215901e-01
1.052967554206987733e-01
2.243990269661469694e-01
3.059176114625159482e-01
8.898235763101175477e-02
1.292280150033330577e-01
3.721226576951786047e-01
4.861680813979632476e-01
2.147304084835680027e-01
2.960098815585327503e-01
2.123346110910363238e-01
2.599665510151235037e-01
2.920453743488075071e-01
2.359992448814916821e-01
2.756819868608398894e-01
2.324671126182132619e-01
9.723135669745809617e-02
3.228347706673160289e-01
2.242059113533941550e-01
8.985884520853833213e-02
1.627978515654260327e-01
4.021611847872113565e-01
3.625928949462144391e-01
2.754535514582169831e-01
4.389880844710631891e-01
3.108782974539905375e-01
3.261957775536591941e-01
2.191002820712490973e-01
5.432177385071887965e-01
8.191948260846845797e-02
4.845468237731587191e-01
3.296396497095603895e-01
4.053324265008639155e-02
1.050795829192079506e-01
1.964287495811951056e-01
2.984541595788797741e-01
1.600160702282554803e-01
4.457181336242522218e-01
4.008470336479830753e-01
1.772484427359430625e-01
3.718286318560557469e-01
4.348429143963389865e-01
3.525485671999484261e-01
3.797993863443019369e-01
2.102101181663987572e-01
2.966647350976939213e-01
2.353289991937174974e-01
1.807427312613550663e-01
9.873727035561412346e-02
2.902481965078628212e-01
1.986374694089822757e-01
2.171259632783471560e-01
1.101400614592331212e-01
1.459363202259766068e-01
2.373486832778620437e-01
1.361189456531748943e-01
1.126220947454496940e-01
2.772360921479771201e-01
1.575978934619595984e-01
2.278561460564499652e-01
6.718595691571224715e-02
3.798401531627605965e-01
2.420254230360984193e-01
1.675555668579962465e-01
3.729076875330505358e-01
6.518895211374164944e-02
1.209606551385949552e-01
3.870840915948651206e-01
3.203979366244560367e-01
5.890452713725238265e-01
2.402084399180499374e-01
2.324619062957691829e-01
1.878406160336930919e-01
3.185990578905190107e-01
1.279282061330575537e-01
1.765613244013668759e-01
1.640854350796537298e-01
4.322206191309532763e-01
9.060698790214415099e-02
1.941728178142830274e-01
9.466347843030614717e-02
1.462185063245141359e-01
2.324885999168670447e-01
2.723835361720935433e-01
2.237068286137109951e-01
3.980433341672806602e-01
2.947639480848397997e-01
2.891483410013133137e-01
1.039085514309953662e-01
3.797943419199089066e-01
2.498225509645515263e-01
2.594958559165216894e-01
4.002678255683169151e-01
4.152769914992029410e-01
4.377772399444618823e-01
1.945902213308469408e-01
1.676157573318587390e-01
1.347677697788099704e-01
3.285167126672303151e-01
4.225523527147003744e-01
1.457196254145747549e-01
7.304455279624616493e-02
3.098349329570436184e-01
2.464516284442429539e-01
1.755732702819431390e-01
1.401520278006883335e-01
1.265983298344672547e-01
1.986338499046522432e-01
3.395047378932030679e-01
4.242913978331915303e-01
3.242449913096083214e-01
3.109291610949592721e-01
5.890073469328480638e-01
1.039576039423066867e-01
2.803618861081493829e-01
4.768274503695895117e-01
2.824057170142727502e-01
1.578111839519301673e-01
3.766315256525401556e-01
3.237051383552747574e-01
1.702238571010070145e-01
1.602371382694415813e-01
1.704716130122657658e-01
1.984373183378501659e-01
4.146253587380964167e-01
3.335450089937474355e-02
1.425657921653316340e-01
1.687044956759821968e-01
3.150662892115593805e-01
2.232350240242763906e-01
1.979415507694629872e-01
2.559529037271750518e-01
1.461503304910115042e-01
1.608539556181644847e-01
3.280299900678101954e-01
4.472472783443550148e-01
3.355319321739633209e-01
9.103904599931464392e-02
2.899565646611541037e-01
3.336102188490597809e-01
3.442174008580276556e-01
2.122033627979921511e-01
1.231841661534932297e-01
1.930588466432988648e-01
2.744284092633703098e-01
1.318685653702795502e-01
3.015955483615001542e-01
1.826896943049324540e-01
3.190931244907880271e-01
3.204217720303514372e-01
4.636846913458672059e-01
1.654798085934983953e-01
1.543244251645917997e-01
7.423595767631258058e-02
1.653459210419724879e-01
4.112411732615339766e-01
4.149168548495151265e-01
5.107137719383101487e-02
2.516589682731633082e-01
2.594535241884380894e-01
4.477359877258038634e-01
4.767095181334071730e-01
3.866693040198129205e-01
3.197751583426289845e-01
6.744410734781423888e-02
1.393684036245639857e-01
1.589113645031351718e-01
2.692653248255748033e-01
2.043934602225109531e-01
1.892894914841976584e-01
2.742690457811889915e-01
4.632497929152333549e-02
2.848983597556429825e-01
1.247465152002782823e-01
1.088990480229823088e-01
2.284308835009994099e-01
3.081706239955175342e-01
6.238961940124794492e-02
2.370176000890708845e-01
2.697191801796778310e-01
3.431030025581955356e-01
2.435985734054201268e-01
1.681086362338077844e-01
1.188992479492965021e-01
4.055201872764883086e-01
3.077485129022269894e-01
3.219038753932862984e-01
4.541766857979427918e-01
3.052205855933057821e-01
2.296071527004508728e-01
9.826712183646446608e-02
1.321438306598173018e-01
2.190739260200259830e-01
2.665991659334098207e-01
1.841283878221414705e-01
2.189458121586066175e-01
2.831015510752186715e-01
2.426909622222922155e-02
1.833675762537793352e-01
3.725861146535909274e-01
4.533207322559184571e-01
3.680471726858013382e-01
5.000158140778612204e-01
2.444998062560132246e-01
5.944062473457525364e-01
3.948599538549597554e-01
4.724806333462364671e-01
2.659640880457936896e-01
8.816545342881401681e-02
2.354366441515158559e-01
1.128146552761664229e-01
2.355201759459292499e-01
2.526316844209220980e-01
2.512015966259676381e-01
1.623112167654848503e-01
1.517896781677525730e-01
1.626517506394365986e-01
3.705338242978389873e-01
2.325699524838035770e-01
2.440159169947061779e-01
2.982653175055224870e-01
2.860603926413881060e-01
1.833973667117700934e-01
2.792157951849723596e-01
2.274582356858476373e-01
2.292777980078724576e-01
2.266733364844409626e-01
2.099020672420123801e-01
2.429463556474096841e-01
1.331212173088963668e-01
5.905822784628733668e-02
2.028967072840317798e-01
2.889976327453995242e-01
3.470690666598105767e-01
8.889897990562257990e-02
3.263754704887013025e-01
1.613041079153027801e-01
2.699491995300135616e-01
3.956150907915504389e-01
9.551614648097329907e-02
4.121734723633695974e-01
2.012652414152694968e-01
1.615003197371795152e-01
2.656982066606284332e-01
3.075523737131254931e-01
2.840201748407302218e-01
1.766861298611182574e-01
1.475381468890037406e-01
3.319781967629653052e-01
3.486057241409951657e-01
3.416620695473615577e-01
1.589901563566243070e-01
7.305355331944987651e-02
2.141888859593020153e-02
2.580654691235105824e-01
2.338029923241965735e-01
9.365357636552180953e-02
1.411800121732889879e-01
3.125352739082317699e-01
3.224814057729303851e-01
4.194177516947670825e-01
2.250734155662157399e-01
1.872406234931480173e-01
2.317336918106757959e-01
1.413073853175191297e-01
1.836198199309866663e-01
1.224464046680881213e-01
3.169772514578612643e-01
2.546207071450138915e-01
3.240742820495742249e-01
4.289588181970176994e-01
3.267315078768469050e-01
4.437091654026575904e-01
1.224329018149537124e-01
3.149727759384404191e-01
4.329223172690705446e-01
1.128704353550018247e-01
4.111786612402955621e-01
1.791544617081206880e-01
2.956591567255918429e-01
2.214023736136813136e-01
7.156890528174918165e-02
1.578449837619755880e-01
2.703253278783917524e-01
5.525770108706853923e-02
4.370998557282089747e-01
3.390475953445287738e-01
8.111958029087495969e-02
2.875519302158217050e-01
3.551775276904979295e-01
3.048178682181211796e-01
6.614629941567529148e-01
4.785238376666916538e-01
2.577307453224118583e-01
5.298348998133971532e-01
1.143136165557083889e-01
1.191200430367581747e-01
3.128273043139810916e-01
2.430886995146883112e-01
2.845606833905273692e-01
2.083067552336420603e-01
1.822620949394044843e-01
1.420480093694561075e-01
3.361191648085437578e-01
2.934020522884059901e-01
3.443375468797666983e-01
4.054998279038288800e-01
2.906417353059664865e-01
4.715603978995234202e-01
3.677419578836207403e-01
1.459282650418897431e-01
3.296568710024042614e-01
3.594819803034715600e-01
2.386053093394097657e-01
1.630316066051430979e-01
2.443366726507730791e-01
4.047793831514623353e-01
3.509934238407980689e-01
3.802989450912096503e-01
2.381065821761827739e-01
4.400468884232368594e-01
2.433074816490722256e-02
1.869345451079977016e-01
5.855141438052870184e-02
2.640087862065028101e-01
1.114656369442279388e-01
1.630576292228115842e-01
1.269384336072365282e-01
9.210988932381725114e-02
3.165227816235519631e-01
1.916619389939018814e-01
3.517925597817251893e-01
2.496750226846384535e-01
3.438642133545983248e-01
2.069036330608861329e-01
2.912506646706896629e-01
4.381534871957602495e-01
2.476975469074072234e-01
4.174756997061693231e-01
2.159664789625810322e-01
3.541912664443139791e-01
5.635371945723198495e-02
3.494091100541292794e-01
3.816462849748801234e-01
2.940075116872081229e-01
3.844768863571444983e-01
1.386429254798176025e-01
1.291989778206181771e-01
5.311277056384773321e-01
3.124100455697091383e-01
2.959679496317826342e-01
3.146769825184904668e-01
1.622779740211726107e-01
2.166445399399857252e-01
2.390291625803658004e-01
1.614718873361336432e-02
1.314199253069840145e-01
1.835872232831605444e-01
2.716913029380073064e-01
3.477317139169768812e-01
4.934559425093187901e-01
4.630300926167232878e-01
3.626599496215178742e-01
2.190605809413390115e-01
4.213366044946194600e-01
4.908550176992499958e-01
2.506734390892496056e-01
2.737007916640923910e-01
3.947976842038760648e-01
2.454895778176624521e-01
3.085251770513950387e-01
2.058097150079091497e-01
2.137363155464698794e-01
2.601127311389300201e-01
1.974390723947132276e-01
1.684262727795819425e-01
2.809743289700369906e-01
3.318105074707964341e-01
2.102547600790670712e-01
5.029076764228591623e-01
3.872802675684669516e-01
4.890931724365736866e-01
4.368244377727369399e-01
3.551660464433623599e-01
1.219745514961466659e-01
2.294391332716190501e-01
4.309417169315793994e-01
2.606141329531899697e-01
2.716859531911516856e-01
4.822275567680628372e-02
1.968400739099474273e-01
1.236898847410561053e-01
1.206039923229237504e-01
1.902079324533523519e-01
1.845927777042672691e-01
2.234264856080842021e-01
7.413337160136367066e-02
6.261222010559532036e-02
2.267797179845515154e-01
2.323066335396800353e-01
1.917284339776553492e-01
4.391777912369783654e-01
4.250784457604810385e-01
3.251021745693034593e-01
1.775710787281160330e-01
3.434764058872779580e-01
3.081135862476476750e-01
2.147880558504256521e-01
2.080851225309982011e-01
5.095133998439969059e-01
2.387275796760832958e-01
4.506920989510178610e-01
2.939256757326653702e-01
2.406676310614387915e-01
1.290611102884309802e-01
2.702044776416882010e-01
1.398362891362834037e-01
1.144838066325843395e-01
1.888124552952745172e-01
7.844557109267777384e-02
1.802975832900733932e-01
1.659812345626081043e-01
2.556692225177480959e-01
2.150885978265434928e-01
2.613708174859207256e-01
1.725054150153932653e-01
2.938206806152112160e-01
3.236883809014891034e-01
1.616998596434368607e-01
3.984569834967913726e-01
1.247535217170786109e-01
4.756856781492359576e-01
4.820984260931594767e-02
3.258128849178906772e-01
